0.003463
0.003561
0.003108
0.003021
0.003091
0.003107
0.003275
0.003196
0.003105
0.003238
0.003315
0.003165
0.003576
0.003143
0.003135
0.002975
0.002956
0.003045
0.003004
0.002951
0.003109
0.003101
0.002969
0.003007
0.003173
0.002866
0.002922
0.002984
0.003296
0.003187
0.003097
0.003175
0.003303
0.003065
0.003074
0.003085
0.003304
0.003209
0.003253
0.003191
0.003201
0.003085
0.003207
0.003366
0.003258
0.003228
0.003256
0.003162
0.003239
0.003197
0.003252
0.003232
0.003182
0.003244
0.003303
0.003111
0.003268
0.003233
0.003289
0.003176
0.003251
0.003190
0.003294
0.003150
0.003453
0.003252
0.003334
0.003484
0.003191
0.003087
0.003137
0.003077
0.003085
0.003070
0.003155
0.003232
0.003316
0.003242
0.003069
0.003210
0.003067
0.003180
0.003276
0.003093
0.003135
0.003156
0.003224
0.003337
0.003216
0.003255
0.003188
0.003174
0.003267
0.003134
0.003712
0.003163
0.003200
0.003291
0.003241
0.003299
0.003134
0.003118
0.003173
0.003134
0.003271
0.003093
0.003104
0.003057
0.003227
0.003324
0.003094
0.003152
0.003131
0.003148
0.003020
0.003155
0.003175
0.003248
0.003102
0.003273
0.003195
0.003259
0.003150
0.003318
0.003253
0.003194
0.003070
0.003167
0.003192
0.003350
0.003359
0.002940
0.003129
0.003049
0.002930
0.003000
0.003080
0.003120
0.003016
0.002953
0.003162
0.003236
0.003048
0.003099
0.003362
0.003121
0.003163
0.003370
0.003234
0.003105
0.003122
0.003277
0.003055
0.003198
0.003223
0.003338
0.003102
0.003136
0.003234
0.003244
0.003222
0.003284
0.003075
0.003273
0.003091
0.003238
0.003213
0.003202
0.003149
0.003313
0.003157
0.003117
0.003036
0.003201
0.003069
0.003145
0.003257
0.003218
0.003427
0.003204
0.003181
0.003262
0.003206
0.003281
0.003157
0.003127
0.003209
0.003192
0.003088
0.003121
0.003340
0.003246
0.003104
0.003288
0.003096
0.003278
0.003182
0.003132
0.003228
0.003238
0.003101
0.003223
0.003322
0.003172
0.003232
0.003154
0.003165
0.003161
0.003358
0.003232
0.003215
0.003275
0.003217
0.003057
0.003273
0.003123
0.003124
0.003175
0.003145
0.003156
0.003078
0.003147
0.003103
0.003083
0.003146
0.003171
0.003240
0.003026
0.003222
0.003068
0.003081
0.003150
0.003170
0.003123
0.003254
0.003082
0.003235
0.003300
0.003228
0.003275
0.003169
0.003188
0.003207
0.003132
0.003052
0.003197
0.003249
0.003111
0.003239
0.003278
0.003139
0.003184
0.003173
0.003306
0.003253
0.003077
0.003241
0.003234
0.003109
0.003214
0.003130
0.003428
0.003223
0.003187
0.003233
0.003097
0.003312
0.003183
0.003241
0.003278
0.003187
0.003216
0.003405
0.003136
0.003181
0.003101
0.003195
0.003170
0.003312
0.003099
0.003206
0.003105
0.003075
0.003132
0.003179
0.003171
0.003131
0.003218
0.002998
0.003336
0.003173
0.003203
0.003332
0.003211
0.003226
0.003347
0.003325
0.003205
0.003078
0.005931
0.003409
0.003405
0.003123
0.003171
0.003160
0.003115
0.003075
0.003145
0.003202
0.003206
0.003133
0.003218
0.003320
0.003260
0.003038
0.003045
0.003222
0.003206
0.003133
0.003158
0.003294
0.003144
0.003202
0.003116
0.003392
0.003307
0.003180
0.003165
0.003345
0.003050
0.003158
0.003086
0.003134
0.003275
0.003138
0.003413
0.003196
0.003173
0.003441
0.003168
0.003128
0.003230
0.003124
0.003154
0.003206
0.003022
0.003203
0.003046
0.003090
0.003123
0.003221
0.003132
0.003252
0.003299
0.003170
0.003270
0.003252
0.003260
0.003267
0.003251
0.003246
0.003262
0.003057
0.003078
0.003033
0.003160
0.003226
0.003206
0.003406
0.003215
0.003182
0.003088
0.003180
0.003142
0.003224
0.003261
0.003091
0.003169
0.003287
0.003123
0.003416
0.003114
0.003283
0.003199
0.003101
0.003238
0.003279
0.003052
0.003115
0.003173
0.003269
0.003197
0.003126
0.003087
0.003225
0.003143
0.003317
0.003341
0.003108
0.003246
0.003254
0.003155
0.003506
0.003191
0.003215
0.003104
0.003264
0.003251
0.003167
0.003046
0.003200
0.003213
0.003114
0.003483
0.003159
0.003319
0.003185
0.003050
0.003146
0.003138
0.003132
0.003244
0.003249
0.003223
0.003438
0.003285
0.003164
0.003180
0.003180
0.003261
0.003145
0.003093
0.003042
0.003151
0.003201
0.003306
0.003246
0.003328
0.003152
0.003129
0.003218
0.003083
0.003035
0.003128
0.003177
0.003343
0.003092
0.003105
0.003230
0.003199
0.003178
0.003102
0.003147
0.003155
0.003278
0.003307
0.003124
0.003381
0.003135
0.003244
0.003359
0.003050
0.003251
0.003170
0.003175
0.007541
0.003521
0.003003
0.003106
0.002963
0.002918
0.002958
0.003078
0.002986
0.003197
0.003151
0.003224
0.003167
0.003231
0.003373
0.003133
0.003144
0.003164
0.003123
0.003095
0.003048
0.003109
0.003100
0.003114
0.003213
0.003414
0.003128
0.003246
0.003145
0.003256
0.003142
0.003198
0.003107
0.003038
0.003108
0.003243
0.003305
0.003285
0.003262
0.003177
0.003178
0.003113
0.003101
0.003075
0.003275
0.003021
0.003169
0.003412
0.003223
0.003247
0.003361
0.003095
0.003128
0.003196
0.003223
0.003282
0.003156
0.003255
0.003122
0.003320
0.003132
0.003021
0.003159
0.003069
0.003266
0.003144
0.003098
0.003074
0.003301
0.003333
0.003205
0.003147
0.003181
0.003249
0.003247
0.003138
0.003174
0.003174
0.003318
0.003437
0.003184
0.003233
0.003257
0.003095
0.003293
0.003079
0.003156
0.003061
0.003159
0.003184
0.003210
0.003265
0.003134
0.003264
0.003101
0.003206
0.003134
0.003201
0.003139
0.003142
0.003216
0.003099
0.003175
0.003279
0.003348
0.003283
0.003129
0.003183
0.003207
0.003183
0.003369
0.003110
0.003309
0.003137
0.003252
0.003085
0.003042
0.003253
0.003237
0.003172
0.003182
0.003388
0.003146
0.003157
0.003167
0.003113
0.003079
0.003123
0.003267
0.003184
0.003103
0.003161
0.003488
0.003316
0.003094
0.003111
0.003151
0.003131
0.003194
0.003017
0.003197
0.003200
0.003084
0.003366
0.003134
0.003299
0.003142
0.003281
0.003035
0.003134
0.003159
0.003104
0.003338
0.003239
0.003301
0.003198
0.003310
0.003111
0.003220
0.003266
0.003108
0.003242
0.003206
0.003260
0.003417
0.003350
0.003151
0.003323
0.003327
0.003089
0.003206
0.003164
0.003137
0.003300
0.003213
0.003081
0.003412
0.003208
0.003235
0.003221
0.003216
0.003243
0.003226
0.003108
0.003213
0.003188
0.003116
0.003071
0.003353
0.003233
0.003272
0.003059
0.003049
0.003271
0.003248
0.003098
0.003109
0.003170
0.003244
0.003431
0.003188
0.003137
0.003159
0.003443
0.003057
0.003211
0.003092
0.003045
0.003082
0.003229
0.003201
0.003598
0.003105
0.003175
0.003117
0.003127
0.003253
0.003180
0.003166
0.003261
0.003215
0.003192
0.003477
0.003229
0.003232
0.003151
0.003152
0.003132
0.003036
0.003088
0.003110
0.003051
0.003226
0.003393
0.003200
0.003179
0.003139
0.003252
0.003152
0.003173
0.003090
0.003091
0.002998
0.003050
0.003170
0.003284
0.003253
0.003154
0.003076
0.003226
0.003030
0.003097
0.003227
0.003167
0.003252
0.003241
0.003436
0.003145
0.003260
0.003099
0.003142
0.003134
0.003134
0.003207
0.003104
0.003078
0.003148
0.003239
0.003492
0.003120
0.003276
0.003119
0.003312
0.003198
0.003260
0.003234
0.003103
0.005841
0.003241
0.003263
0.003186
0.003237
0.003149
0.003179
0.003120
0.003238
0.003077
0.003257
0.003190
0.003242
0.003572
0.003156
0.003028
0.003119
0.003097
0.003287
0.003141
0.003167
0.003284
0.003103
0.003115
0.003531
0.003304
0.003213
0.003092
0.003211
0.003209
0.003240
0.003232
0.003263
0.003085
0.003407
0.003121
0.003201
0.003158
0.003217
0.003269
0.003109
0.003201
0.003171
0.003233
0.003186
0.003428
0.003250
0.003186
0.003152
0.003190
0.003143
0.003077
0.003107
0.003120
0.006484
0.003422
0.003213
0.003200
0.003180
0.003240
0.003197
0.003222
0.003068
0.003173
0.003145
0.003181
0.003090
0.003320
0.003205
0.003350
0.003169
0.003119
0.003050
0.003313
0.003256
0.003193
0.003171
0.003144
0.003242
0.003211
0.003168
0.003257
0.003268
0.003150
0.003200
0.003165
0.003142
0.003232
0.003159
0.003099
0.003171
0.003275
0.003146
0.003550
0.003242
0.003159
0.003212
0.003136
0.003173
0.003155
0.003237
0.003126
0.003225
0.003161
0.003236
0.003225
0.003293
0.003087
0.003448
0.003215
0.003178
0.003185
0.003334
0.003170
0.003202
0.003249
0.003200
0.003054
0.003229
0.003249
0.003408
0.003102
0.003237
0.003145
0.003325
0.003233
0.003078
0.003247
0.003121
0.003123
0.003128
0.003307
0.003127
0.003330
0.003142
0.003235
0.003133
0.003146
0.003140
0.003150
0.003142
0.003084
0.003309
0.003227
0.003091
0.003227
0.003220
0.003181
0.003114
0.003230
0.003294
0.003269
0.003082
0.003231
0.003178
0.003233
0.003330
0.003391
0.003179
0.003147
0.003021
0.003246
0.003206
0.003114
0.003433
0.003167
0.003236
0.003124
0.003179
0.003233
0.003376
0.003307
0.003266
0.003071
0.003254
0.003469
0.003157
0.003205
0.003139
0.003109
0.003166
0.003216
0.003207
0.003197
0.003187
0.003161
0.003545
0.003290
0.003196
0.003198
0.003150
0.003214
0.003107
0.003187
0.003129
0.003115
0.003189
0.003366
0.003228
0.003209
0.003136
0.003101
0.003289
0.003175
0.003086
0.003139
0.003209
0.003233
0.003366
0.003214
0.003089
0.003093
0.003102
0.003226
0.003172
0.003181
0.003333
0.007924
0.003185
0.003021
0.003067
0.002971
0.003013
0.003004
0.002939
0.003209
0.003215
0.003127
0.003155
0.003037
0.003292
0.003252
0.003104
0.003112
0.003263
0.003260
0.003157
0.003221
0.003170
0.003075
0.003103
0.003272
0.003290
0.003171
0.003196
0.003067
0.003183
0.003163
0.003117
0.003162
0.003193
0.003065
0.003270
0.003446
0.003292
0.003231
0.003140
0.003090
