0.004152
0.003654
0.003692
0.003670
0.003819
0.003755
0.003801
0.003835
0.003736
0.003846
0.003597
0.003635
0.003742
0.003785
0.003669
0.003712
0.003643
0.003742
0.003604
0.003663
0.003613
0.003534
0.003687
0.003865
0.003717
0.003707
0.003969
0.003699
0.003614
0.003772
0.003627
0.003870
0.003661
0.003743
0.003597
0.003716
0.003800
0.003664
0.003729
0.003656
0.003798
0.003670
0.003618
0.003797
0.004117
0.007730
0.003710
0.003444
0.003599
0.003646
0.003618
0.003576
0.003561
0.003635
0.003739
0.003629
0.003531
0.003729
0.003778
0.003780
0.003830
0.003757
0.003627
0.003805
0.003773
0.003659
0.003637
0.003696
0.003712
0.003775
0.003757
0.003647
0.003830
0.003689
0.003646
0.003683
0.003699
0.003794
0.003616
0.003732
0.003578
0.003793
0.003762
0.003657
0.003520
0.003597
0.003724
0.003744
0.003573
0.003704
0.003630
0.003689
0.003720
0.003699
0.003658
0.003769
0.003761
0.003818
0.003733
0.003834
0.003796
0.003712
0.003700
0.003821
0.003785
0.003698
0.003671
0.003901
0.003713
0.003659
0.003691
0.003625
0.003638
0.003670
0.003661
0.003675
0.003761
0.003811
0.003821
0.003690
0.003638
0.003836
0.003675
0.003549
0.003602
0.003729
0.003784
0.003816
0.003689
0.003604
0.003700
0.003614
0.003742
0.003684
0.003723
0.003589
0.003900
0.003640
0.003784
0.003769
0.003590
0.003685
0.003610
0.003696
0.003639
0.003604
0.003859
0.003658
0.003607
0.003689
0.003683
0.003700
0.003567
0.003864
0.003813
0.003756
0.003700
0.003668
0.003736
0.003793
0.003610
0.003701
0.003584
0.003624
0.003840
0.003621
0.003688
0.003848
0.003693
0.003558
0.003663
0.003657
0.003577
0.003783
0.003724
0.003701
0.003737
0.003732
0.003630
0.003707
0.003822
0.003726
0.003722
0.003785
0.003824
0.003757
0.003606
0.003727
0.003728
0.003690
0.003619
0.003749
0.003741
0.003763
0.003693
0.003681
0.003746
0.003768
0.003757
0.003648
0.003712
0.003667
0.003760
0.003595
0.003916
0.003636
0.003710
0.003787
0.003727
0.003664
0.003688
0.003660
0.003653
0.003749
0.003825
0.003664
0.003735
0.003686
0.003582
0.003755
0.003724
0.003868
0.003670
0.003551
0.003683
0.003709
0.003621
0.003641
0.003588
0.003681
0.003703
0.003620
0.003843
0.003850
0.003626
0.003710
0.003694
0.003695
0.003731
0.003763
0.003749
0.003588
0.003702
0.003626
0.003603
0.003628
0.003769
0.003652
0.003833
0.003664
0.003551
0.003756
0.003804
0.003780
0.003700
0.003844
0.003699
0.003710
0.003676
0.003817
0.003742
0.003819
0.003816
0.003689
0.003630
0.003769
0.003698
0.003822
0.003640
0.003841
0.003613
0.003656
0.003696
0.003727
0.003713
0.003644
0.003646
0.003705
0.003814
0.003724
0.003735
0.003647
0.003779
0.003646
0.003732
0.003816
0.003720
0.003718
0.003644
0.003651
0.003656
0.003618
0.003793
0.003538
0.003773
0.003797
0.003666
0.003788
0.003721
0.003660
0.003703
0.003739
0.003858
0.003684
0.003649
0.003786
0.003650
0.003839
0.003652
0.007246
0.003692
0.003570
0.003686
0.003574
0.003668
0.003783
0.003639
0.003678
0.003793
0.003640
0.003693
0.003755
0.003516
0.003623
0.003805
0.003867
0.003690
0.003721
0.003604
0.003688
0.003685
0.003838
0.003548
0.003689
0.003621
0.003880
0.003725
0.003723
0.003683
0.003668
0.003668
0.003704
0.003572
0.003818
0.003673
0.003935
0.003613
0.003685
0.003796
0.003731
0.003726
0.003577
0.003733
0.003586
0.003581
0.003776
0.003809
0.003756
0.003702
0.003751
0.003573
0.003566
0.003618
0.003844
0.003749
0.003621
0.003730
0.003588
0.003634
0.003804
0.003700
0.003664
0.003769
0.003569
0.003614
0.003781
0.003761
0.003597
0.003799
0.003734
0.003742
0.003776
0.003671
0.003624
0.003727
0.003803
0.003615
0.003801
0.003686
0.003770
0.003698
0.003700
0.003555
0.003638
0.003565
0.003721
0.003759
0.003674
0.003670
0.003613
0.003615
0.003659
0.003856
0.003665
0.003700
0.003552
0.004077
0.003691
0.003793
0.003604
0.003744
0.003759
0.003793
0.003726
0.003710
0.003738
0.003896
0.003759
0.003570
0.003615
0.003678
0.003698
0.003680
0.003719
0.003574
0.003747
0.003947
0.003970
0.003731
0.003800
0.003728
0.003721
0.003745
0.003680
0.003618
0.003785
0.003636
0.003840
0.003828
0.003793
0.003680
0.003622
0.003667
0.003587
0.003541
0.003795
0.003644
0.003737
0.003564
0.003603
0.003592
0.003717
0.007040
0.003872
0.003704
0.003834
0.003684
0.003687
0.003720
0.003757
0.003639
0.003699
0.003640
0.003703
0.003698
0.003682
0.003674
0.003676
0.003597
0.003639
0.003754
0.003700
0.003716
0.003712
0.003809
0.003613
0.003639
0.003720
0.003627
0.003637
0.003616
0.003796
0.003797
0.003780
0.003828
0.003757
0.003685
0.003657
0.003737
0.003649
0.003698
0.003685
0.003691
0.003601
0.003628
0.003733
0.003624
0.003757
0.003708
0.003773
0.003620
0.003808
0.003610
0.003673
0.003762
0.003855
0.003737
0.003835
0.003567
0.003841
0.003757
0.003649
0.003628
0.003673
0.003931
0.003616
0.003814
0.003770
0.003753
0.003789
0.003778
0.003650
0.003795
0.003917
0.003791
0.003770
0.003667
0.003754
0.003634
0.003686
0.003627
0.003716
0.003635
0.006113
0.003796
0.003828
0.003678
0.003654
0.003668
0.003697
0.003844
0.003777
0.003701
0.003756
0.003980
0.003775
0.003680
0.003664
0.003748
0.003646
0.003708
0.003671
0.003707
0.003674
0.004334
0.003820
0.003601
0.003806
0.003599
0.003712
0.003711
0.003752
0.003608
0.003635
0.003659
0.003712
0.003741
0.003662
0.003777
0.003724
0.003617
0.003798
0.003566
0.003729
0.003696
0.003715
0.003810
0.003629
0.003638
0.003638
0.003731
0.003734
0.003818
0.003783
0.003675
0.003688
0.003655
0.003667
0.003686
0.003726
0.003649
0.003666
0.003694
0.003849
0.003938
0.003825
0.003815
0.003676
0.003808
0.003995
0.008961
0.003947
0.003842
0.003765
0.003683
0.003731
0.003690
0.003664
0.003637
0.003752
0.003646
0.003826
0.003595
0.003757
0.003656
0.003591
0.003696
0.003817
0.003712
0.003633
0.003686
0.003725
0.003731
0.003725
0.003708
0.003697
0.003675
0.003644
0.003765
0.003766
0.003793
0.003802
0.003614
0.003735
0.003665
0.003649
0.003750
0.003597
0.003793
0.003720
0.003607
0.003655
0.003611
0.003832
0.003736
0.003690
0.003647
0.003808
0.003819
0.003712
0.003715
0.003647
0.003731
0.003668
0.003780
0.003790
0.003661
0.003675
0.003675
0.003780
0.003690
0.003778
0.003747
0.003636
0.003718
0.003646
0.003671
0.003716
0.003701
0.003744
0.003573
0.003603
0.003578
0.003800
0.003750
0.003693
0.003830
0.003669
0.003611
0.003623
0.003749
0.003733
0.003668
0.003622
0.003858
0.003588
0.003606
0.003704
0.003792
0.003793
0.003788
0.003713
0.003659
0.003648
0.003723
0.003637
0.003616
0.003774
0.003807
0.003730
0.003697
0.003906
0.003648
0.003704
0.003876
0.003716
0.003760
0.003764
0.003739
0.003749
0.003622
0.003668
0.003555
0.003789
0.003682
0.003671
0.003804
0.003666
0.003775
0.003823
0.003854
0.003717
0.003646
0.003852
0.003820
0.003679
0.003742
0.003754
0.003769
0.003675
0.003755
0.003614
0.003597
0.003823
0.003826
0.003806
0.003668
0.003631
0.003627
0.003660
0.003812
0.003796
0.003710
0.003922
0.003790
0.003639
0.003652
0.003711
0.003714
0.016155
0.003704
0.003785
0.003824
0.003637
0.003597
0.003745
0.003813
0.003662
0.003661
0.003556
0.003647
0.003800
0.003725
0.003804
0.003782
0.003696
0.003757
0.003835
0.003722
0.003733
0.003792
0.003703
0.003727
0.003568
0.003729
0.003755
0.003707
0.003687
0.003729
0.003712
0.003984
0.003612
0.003677
0.003712
0.003708
0.003836
0.003753
0.003670
0.003631
0.003695
0.003896
0.003626
0.003781
0.003665
0.003789
0.003740
0.003573
0.003655
0.003667
0.003542
0.003685
0.003723
0.003711
0.003685
0.003646
0.003635
0.003640
0.003661
0.003650
0.003728
0.003583
0.003829
0.003739
0.003656
0.003604
0.003798
0.003721
0.003573
0.003663
0.003658
0.003646
0.003711
0.003795
0.003859
0.003601
0.003623
0.003671
0.003711
0.003749
0.003628
0.003670
0.003752
0.003590
0.003686
0.003695
0.003608
0.003710
0.003718
0.003645
0.003768
0.003844
0.003738
0.003881
0.003768
0.003681
0.003720
0.003564
0.003818
0.003717
0.003749
0.003626
0.003696
0.003743
0.003592
0.003704
0.003687
0.003644
0.003630
0.003718
0.003642
0.003741
0.003702
0.003842
0.003791
0.003696
0.003779
0.003751
0.003740
0.003772
0.003801
0.003758
0.003814
0.003672
0.003749
0.003642
0.003694
0.003716
0.003742
0.003765
0.003643
0.003798
0.003814
0.003642
0.003788
0.003639
0.003693
0.003636
0.003793
0.003561
0.003674
0.003897
0.003698
0.003592
0.003695
0.003697
0.003652
0.003602
0.003994
0.003668
0.003845
0.003926
0.003659
0.003758
0.003739
0.003822
0.003649
0.003635
0.003572
0.003658
0.003606
0.003634
0.003842
0.003681
0.003629
0.003666
0.003763
0.003703
0.003718
0.003633
0.003623
0.003639
0.003771
0.003627
0.003783
0.003685
0.003660
0.003804
0.003704
0.003760
0.003754
0.003547
0.003743
0.003827
0.003788
0.003557
0.003694
0.003717
0.003633
0.003661
0.003745
0.003560
0.003835
0.003798
0.003759
0.003626
0.003661
0.003804
0.003566
0.006665
0.003712
0.003682
0.003659
0.003734
0.003757
0.003772
0.003757
0.003813
0.003696
0.003637
0.003820
0.003716
0.003699
0.003825
0.003600
0.003653
0.003651
0.003659
0.003658
0.003668
0.003738
0.003917
0.003656
0.003808
0.003644
0.003633
0.003674
0.003787
0.003752
0.003630
0.003733
0.003677
0.003707
0.003601
0.003695
0.003654
0.003752
0.003828
0.003641
0.003727
0.003842
0.003655
0.003714
0.003685
0.003765
0.003670
0.003690
0.003608
0.003770
0.003693
0.003701
