0.003093
0.003058
0.002980
0.002926
0.002924
0.002859
0.002925
0.002877
0.003093
0.003014
0.002842
0.002920
0.003035
0.003022
0.002954
0.003103
0.003012
0.003029
0.003031
0.003099
0.003082
0.002952
0.002950
0.002912
0.002892
0.003499
0.003540
0.002884
0.002805
0.002854
0.002678
0.002804
0.002722
0.002888
0.002928
0.002798
0.003028
0.003073
0.002913
0.003069
0.003052
0.002899
0.002802
0.003011
0.002993
0.002958
0.002929
0.002881
0.003008
0.002905
0.002866
0.003047
0.002899
0.002831
0.002896
0.002900
0.002960
0.002784
0.003057
0.002805
0.002866
0.003014
0.002947
0.002879
0.002998
0.003180
0.002919
0.003019
0.002878
0.002816
0.002890
0.002852
0.002847
0.002992
0.002823
0.002895
0.002824
0.003154
0.002984
0.002950
0.002950
0.002883
0.002922
0.003056
0.002941
0.002851
0.002925
0.002922
0.002907
0.003216
0.002932
0.003018
0.002969
0.002795
0.002807
0.002854
0.002935
0.002913
0.002831
0.002928
0.005473
0.002856
0.002831
0.002956
0.002942
0.002928
0.003026
0.002911
0.002904
0.002997
0.002868
0.002861
0.005127
0.002943
0.002983
0.002901
0.002839
0.002889
0.002953
0.002964
0.003003
0.002935
0.003011
0.002964
0.003237
0.002904
0.003056
0.002923
0.002876
0.002915
0.002795
0.002985
0.002916
0.002982
0.002890
0.002974
0.002901
0.002916
0.003039
0.002990
0.002970
0.002872
0.002826
0.003247
0.002944
0.002802
0.002916
0.003263
0.003018
0.002888
0.003003
0.002972
0.003001
0.002950
0.002895
0.002891
0.003062
0.002986
0.005228
0.002995
0.002904
0.002949
0.003111
0.002975
0.002979
0.002930
0.002861
0.002943
0.002788
0.002999
0.002933
0.002985
0.003006
0.002980
0.002956
0.002892
0.002954
0.002941
0.002855
0.002928
0.002823
0.003033
0.002895
0.002928
0.002937
0.002964
0.002797
0.002898
0.003055
0.002938
0.002914
0.002967
0.003236
0.003014
0.002864
0.003045
0.002814
0.002996
0.002827
0.003059
0.002801
0.002976
0.003198
0.003225
0.002928
0.002936
0.002899
0.003002
0.002861
0.002944
0.003038
0.002903
0.002908
0.002897
0.002820
0.003116
0.002878
0.002978
0.003000
0.002920
0.002877
0.002813
0.003129
0.002969
0.002869
0.002879
0.005023
0.002829
0.002900
0.003041
0.002985
0.002866
0.002881
0.002857
0.002854
0.003063
0.002938
0.003070
0.003036
0.002925
0.003120
0.002951
0.003019
0.003007
0.002935
0.003004
0.002964
0.002962
0.002855
0.002933
0.003074
0.002976
0.003059
0.003141
0.002819
0.003083
0.002909
0.002942
0.002928
0.002834
0.002911
0.002846
0.002848
0.002904
0.003139
0.002825
0.002895
0.002825
0.002857
0.002882
0.002944
0.002905
0.002850
0.003132
0.002889
0.002851
0.002896
0.002869
0.003071
0.002885
0.003006
0.003043
0.002903
0.003027
0.002925
0.003085
0.002867
0.002947
0.002930
0.002908
0.003068
0.002880
0.002845
0.003875
0.002862
0.002893
0.002993
0.002919
0.003049
0.002893
0.003018
0.003001
0.002787
0.003704
0.002958
0.002913
0.002850
0.002806
0.002998
0.002967
0.002851
0.002909
0.003066
0.002890
0.002827
0.002952
0.003025
0.002949
0.002892
0.003014
0.002792
0.003044
0.003029
0.002905
0.002942
0.002882
0.003211
0.002807
0.002919
0.002910
0.003057
0.003082
0.002889
0.002961
0.002901
0.002784
0.002932
0.003067
0.002968
0.002993
0.002987
0.002867
0.002858
0.003051
0.002895
0.002914
0.002921
0.002934
0.003025
0.002875
0.002926
0.003025
0.003033
0.002964
0.003036
0.002982
0.002958
0.002852
0.002876
0.002962
0.003090
0.002980
0.002987
0.002882
0.003085
0.003055
0.002919
0.002971
0.002917
0.002947
0.003076
0.003288
0.003031
0.002987
0.002867
0.002909
0.003040
0.002908
0.002846
0.002833
0.002953
0.002915
0.005340
0.002916
0.003014
0.002883
0.002790
0.002913
0.003073
0.002842
0.002902
0.003011
0.002983
0.003012
0.003061
0.002926
0.003000
0.002966
0.002971
0.002949
0.002878
0.002882
0.002882
0.002800
0.002782
0.003120
0.002909
0.002989
0.002944
0.002909
0.002893
0.002922
0.002885
0.002984
0.002946
0.002992
0.002941
0.003053
0.002978
0.003011
0.002910
0.003105
0.003051
0.002859
0.002896
0.002880
0.003159
0.002933
0.003194
0.002896
0.002916
0.003010
0.002957
0.003000
0.003033
0.002928
0.003039
0.003070
0.003030
0.003127
0.002944
0.002968
0.002947
0.003068
0.003041
0.002915
0.002965
0.002971
0.002917
0.002836
0.005281
0.003174
0.003043
0.002835
0.002923
0.002959
0.003034
0.002981
0.002898
0.002957
0.002970
0.002958
0.003049
0.005902
0.003088
0.002864
0.002791
0.002971
0.002995
0.002942
0.002948
0.002908
0.002980
0.002995
0.002940
0.003016
0.003027
0.002922
0.002842
0.002946
0.002950
0.002951
0.002995
0.002961
0.003007
0.002849
0.003079
0.002908
0.002964
0.002949
0.003020
0.002884
0.002964
0.003038
0.002905
0.003961
0.003017
0.002891
0.002876
0.002946
0.002925
0.003063
0.002871
0.003017
0.003025
0.002939
0.002888
0.003061
0.002952
0.002988
0.002887
0.003028
0.003014
0.002912
0.003016
0.002972
0.003077
0.002988
0.003232
0.002989
0.002877
0.002950
0.002903
0.002972
0.002964
0.002979
0.002888
0.003073
0.003032
0.003078
0.003084
0.003093
0.002899
0.002946
0.002786
0.002970
0.002941
0.003237
0.003031
0.003010
0.002848
0.003268
0.003087
0.007277
0.002965
0.002944
0.002985
0.002930
0.002965
0.002963
0.002852
0.002931
0.002877
0.003208
0.002993
0.002878
0.002868
0.003068
0.002884
0.003095
0.002825
0.002915
0.002897
0.002925
0.003088
0.003069
0.003076
0.002825
0.002995
0.002831
0.002839
0.002964
0.002903
0.003000
0.003037
0.006139
0.003028
0.003079
0.002887
0.002857
0.002965
0.003030
0.002954
0.002857
0.003100
0.002920
0.002903
0.002921
0.002825
0.002880
0.002912
0.003052
0.002886
0.002875
0.002905
0.003215
0.002915
0.002947
0.002928
0.002977
0.002887
0.002959
0.002833
0.003067
0.002856
0.002931
0.002901
0.003194
0.003089
0.003121
0.003017
0.003013
0.003028
0.002916
0.002911
0.002891
0.003036
0.002837
0.002931
0.003181
0.003225
0.002877
0.002927
0.003031
0.002845
0.002919
0.002908
0.002942
0.002882
0.002953
0.002944
0.003058
0.002901
0.002901
0.003029
0.003051
0.003022
0.002925
0.002986
0.003011
0.002966
0.002932
0.002944
0.003203
0.003027
0.003000
0.002966
0.002945
0.002831
0.003048
0.002971
0.002849
0.003047
0.002885
0.002947
0.003147
0.003337
0.002895
0.003029
0.003199
0.002933
0.002904
0.003075
0.002947
0.002916
0.003042
0.002997
0.003054
0.003114
0.002900
0.002895
0.002978
0.003021
0.002934
0.003110
0.002930
0.002879
0.002948
0.002809
0.003136
0.002997
0.002919
0.002935
0.003268
0.003040
0.003080
0.002897
0.002917
0.002808
0.002990
0.003065
0.002876
0.003023
0.003078
0.002913
0.002822
0.002887
0.003084
0.002996
0.003004
0.002908
0.002905
0.003247
0.003023
0.002984
0.002942
0.004653
0.002921
0.003011
0.002947
0.002952
0.002996
0.002952
0.003120
0.003200
0.002788
0.002871
0.002791
0.002887
0.002741
0.002799
0.002815
0.002699
0.003076
0.002941
0.002932
0.003153
0.003160
0.002935
0.003007
0.002949
0.003006
0.003019
0.002941
0.002904
0.002924
0.002919
0.002817
0.002970
0.002880
0.003037
0.002969
0.002803
0.002839
0.002949
0.003120
0.002791
0.002949
0.002960
0.002779
0.003008
0.003070
0.002874
0.002990
0.002917
0.002872
0.003035
0.002880
0.002901
0.003074
0.002947
0.002942
0.003267
0.003145
0.003074
0.002921
0.003031
0.002865
0.002839
0.003021
0.002950
0.002902
0.002793
0.002922
0.003068
0.002960
0.002912
0.002850
0.002833
0.003021
0.002831
0.003050
0.002953
0.002944
0.002963
0.002919
0.003058
0.003001
0.002831
0.003008
0.013055
0.002953
0.002995
0.002845
0.002844
0.002951
0.002888
0.003113
0.002841
0.002905
0.002789
0.002871
0.002919
0.002944
0.002938
0.002879
0.002907
0.002905
0.002937
0.003159
0.002834
0.002967
0.003061
0.004121
0.002924
0.002990
0.002888
0.002911
0.002909
0.003052
0.003000
0.003041
0.003015
0.003000
0.003046
0.003164
0.002911
0.003024
0.002999
0.002915
0.002902
0.002956
0.002929
0.003044
0.003034
0.003045
0.002989
0.002958
0.002931
0.002985
0.002986
0.002990
0.002991
0.002958
0.002909
0.003090
0.002843
0.003042
0.003001
0.003088
0.002946
0.002973
0.003235
0.002955
0.002924
0.002925
0.003200
0.002999
0.003088
0.003131
0.003040
0.002955
0.002969
0.003014
0.002954
0.002857
0.003437
0.003048
0.002962
0.002960
0.003003
0.003025
0.002868
0.003065
0.003067
0.002893
0.002995
0.002948
0.002907
0.002872
0.002970
0.002777
0.003006
0.003112
0.003088
0.006363
0.003272
0.002802
0.002925
0.002890
0.002908
0.002676
0.002814
0.002892
0.003048
0.002932
0.003049
0.003006
0.003072
0.002934
0.002878
0.002912
0.003241
0.002923
0.003100
0.002982
0.002981
0.003026
0.002975
0.002965
0.002910
0.002948
0.002912
0.003030
0.002961
0.002970
0.002860
0.002918
0.003009
0.002973
0.002955
0.003309
0.002932
0.002897
0.003073
0.002893
0.002852
0.003024
0.003032
0.003000
0.002874
0.002954
0.002857
0.002934
0.003058
0.002846
0.003000
0.002898
0.002887
0.003132
0.002882
0.002846
0.002886
0.002949
0.003039
0.002949
0.002869
0.002977
0.002900
0.002917
0.003052
0.002975
0.002846
0.002945
0.002954
0.002803
0.003021
0.002839
0.002995
0.003033
0.002928
0.003008
0.003048
0.002842
0.002978
0.002953
0.002847
0.003138
0.002872
0.002916
0.002881
0.002916
0.002952
0.002877
0.002940
0.002897
0.002946
0.003009
0.003025
0.003030
0.003008
0.002984
0.003014
0.003068
0.002924
0.002853
0.002851
0.003002
0.002862
0.003048
0.002836
0.003115
0.002866
0.002791
0.002886
0.003049
0.002959
0.003006
0.003038
0.003007
