0.002755
0.002652
0.002592
0.002558
0.002395
0.002577
0.002545
0.002511
0.002507
0.002409
0.002381
0.002398
0.002604
0.002528
0.002431
0.002559
0.002448
0.002463
0.002453
0.002366
0.002489
0.002394
0.002434
0.002520
0.002486
0.002405
0.002705
0.002432
0.002448
0.002487
0.002491
0.002522
0.002498
0.002507
0.002428
0.002511
0.002478
0.002575
0.002555
0.002689
0.002566
0.002526
0.002385
0.002400
0.002628
0.002597
0.002478
0.002546
0.002659
0.002625
0.002553
0.002889
0.002361
0.002259
0.002478
0.002238
0.002420
0.002289
0.002458
0.002262
0.002362
0.002336
0.002319
0.002275
0.002321
0.002245
0.002250
0.002170
0.002380
0.002430
0.002587
0.002538
0.002641
0.002720
0.002574
0.002469
0.002602
0.002623
0.002331
0.002496
0.002527
0.002435
0.002532
0.002540
0.002487
0.002555
0.002632
0.002566
0.002454
0.002607
0.002564
0.002415
0.002441
0.002571
0.002510
0.002493
0.002538
0.002414
0.002456
0.002617
0.002483
0.002471
0.002415
0.002578
0.002610
0.002421
0.002402
0.002485
0.002471
0.002558
0.002608
0.002573
0.002413
0.002642
0.002496
0.002568
0.002666
0.002531
0.002514
0.002399
0.002422
0.002528
0.002733
0.002660
0.002392
0.002465
0.002503
0.002541
0.002492
0.002673
0.002599
0.002650
0.002488
0.002476
0.002537
0.002357
0.002433
0.002426
0.002453
0.002452
0.002569
0.002407
0.002453
0.002509
0.002552
0.002654
0.002421
0.002533
0.002517
0.002585
0.002460
0.002597
0.002482
0.002518
0.002599
0.002540
0.002534
0.002598
0.002591
0.002467
0.002394
0.002447
0.002510
0.002727
0.003074
0.002522
0.002478
0.002612
0.002365
0.002452
0.002631
0.002462
0.002628
0.002456
0.002532
0.002508
0.002771
0.002576
0.002562
0.002522
0.002619
0.002635
0.002586
0.002590
0.002511
0.002630
0.002488
0.002420
0.002533
0.002605
0.002579
0.002429
0.002434
0.002410
0.002652
0.002548
0.002456
0.002553
0.002371
0.002540
0.002656
0.002560
0.002451
-1
0.002534
0.002680
0.002454
0.002512
0.002376
0.002451
0.002523
0.002505
0.002546
0.002537
0.002419
0.002436
0.002451
0.002630
0.002682
0.002573
0.002440
0.002431
0.002704
0.002514
0.002537
0.002465
0.002604
0.002552
-1
0.002547
0.002465
0.002518
0.002485
0.002509
0.002377
0.002529
0.002382
0.002647
0.002450
0.002406
0.002531
0.002506
0.002510
0.002532
0.002361
0.002616
0.002494
0.002498
0.002594
0.002555
0.002636
0.002501
0.002605
0.002483
0.002630
0.002524
0.002555
0.002435
0.002649
0.002508
0.002547
0.002378
0.002754
0.002538
0.002426
0.002421
0.002532
0.002463
0.002449
0.002441
0.002476
0.002605
0.002423
0.002506
0.002626
0.002462
0.002616
0.002542
0.002584
0.002586
0.002511
0.002590
0.002408
0.002608
0.002363
0.002584
0.002392
0.002466
0.002444
0.002433
0.002542
0.002565
0.002464
0.002585
0.002651
0.002745
0.002575
0.002373
0.002516
0.002571
0.002527
0.002584
0.002542
0.002494
0.002527
0.002692
0.002606
0.002475
0.002530
0.002630
0.002397
0.002527
0.002383
0.002519
0.002500
0.002607
0.002630
0.002493
0.002584
0.002563
0.002401
0.002487
0.002489
0.002486
0.002579
0.002495
0.002566
0.002623
0.002436
0.002484
0.002527
0.002670
0.002748
0.002580
0.002563
0.002591
0.002569
0.002605
0.002683
0.002485
0.002380
0.002524
0.002465
0.002537
0.002645
0.002498
0.002527
0.002415
0.002352
0.002610
0.002599
0.002469
0.002473
0.002506
0.002488
0.002587
0.002645
0.002646
0.002590
0.002405
0.002322
0.002444
0.002650
0.002512
0.002502
0.002532
0.002611
0.002556
0.002517
0.002537
0.002434
0.002435
0.002443
0.002496
0.002730
0.002438
0.002505
0.002512
0.002571
0.002540
-1
0.002460
0.002488
0.002544
0.002779
0.002477
0.002505
0.002586
-1
0.002512
0.002403
0.002510
0.002612
0.002521
0.002532
0.002746
0.002533
0.002402
0.002433
0.002597
0.002616
0.002535
0.002430
0.002473
0.002490
0.002452
0.002536
0.002554
0.002409
0.002527
0.002393
0.002388
0.002385
0.002487
0.002538
0.002613
0.002481
0.002526
0.002478
0.002354
0.002584
0.002550
0.002477
0.002567
0.002551
0.002434
0.002520
0.002468
0.002578
0.002393
0.002565
0.002385
0.002657
0.002591
0.002396
0.002543
0.002583
0.002460
0.002397
0.002599
0.002401
0.002373
0.002500
0.002420
0.002639
0.002651
0.002389
0.002595
0.002484
0.002474
0.002587
0.002569
0.002427
0.002399
0.002567
0.002629
0.002696
0.002649
0.002468
0.002452
0.002691
0.002534
0.002568
0.002522
0.002581
0.002492
0.002487
0.002521
0.002454
-1
0.002636
0.002506
0.002520
0.002611
0.002483
0.002623
0.002487
0.002423
0.002620
0.002414
0.002384
0.002516
0.002578
-1
0.002582
0.002458
0.002414
0.002562
0.002430
0.002623
0.002354
0.002577
0.002520
0.002372
0.002385
0.002479
0.002572
0.002582
-1
0.002469
0.002638
0.002562
0.002634
0.002607
0.002463
0.002385
0.006376
0.002484
0.002496
0.002513
0.002439
0.002617
0.002468
0.002528
0.002509
0.002609
0.002489
0.002643
0.002669
0.002406
0.002515
0.002427
0.002414
0.002548
0.002501
0.002497
0.002480
0.002439
0.002566
0.002350
0.002467
0.002400
0.002626
0.002576
0.002465
0.002500
0.002344
0.002574
0.002546
0.002543
0.002496
0.002442
0.002573
0.002496
0.002533
0.002567
0.002518
0.002405
0.002508
0.002574
0.002492
0.002571
0.002476
0.002558
0.002561
0.002537
0.002483
0.002573
0.002539
0.002417
0.002445
0.002733
0.002570
0.002502
0.002383
0.002543
0.002571
0.002417
0.002553
0.002431
0.002511
0.002778
0.002538
0.002655
0.002642
0.002471
0.002393
0.002532
0.002705
0.002613
0.002558
0.002575
0.002379
0.002699
0.002737
0.002334
0.002295
0.002343
0.002373
0.002426
0.002213
0.002650
0.002539
0.002615
0.002605
0.002401
0.002438
0.002689
0.002568
0.002407
0.002496
0.002454
0.002472
0.002656
0.002584
0.002502
0.002452
0.002500
0.002561
0.002596
0.002599
0.002583
0.002565
0.002469
0.002475
0.002620
0.002624
0.002557
0.002474
0.002409
0.002559
0.002514
0.002894
0.002467
0.002410
0.002479
0.002555
0.002573
0.002533
0.002530
0.002409
0.002513
0.002567
0.002512
0.002471
0.002577
0.002559
0.002514
0.002556
0.002684
0.002416
0.002468
0.002634
0.002457
0.002398
0.002459
0.002377
0.002606
0.002618
0.002417
0.002541
0.002521
-1
0.002647
0.002501
0.002456
0.002450
0.002519
0.002542
0.002558
0.002496
0.002548
0.002502
0.002551
0.002473
0.002560
0.002394
0.002408
0.002602
0.002542
0.002464
0.002382
0.002532
0.002446
0.002566
0.002650
0.002516
0.002552
0.002409
0.002548
-1
0.002691
0.002508
0.002579
0.002589
0.002663
0.002531
0.002541
0.002457
0.002569
0.002703
0.002625
0.002499
0.002550
0.002434
0.002469
0.002456
0.002762
0.002528
0.002422
0.002661
0.002494
0.002337
0.002602
0.002327
0.002697
0.002496
0.002438
0.002636
0.002502
0.002611
0.002623
0.002434
0.002502
0.002361
0.002479
0.002493
0.002523
0.002451
0.002437
0.002429
0.002613
0.002603
0.002463
0.002368
0.002549
0.002400
0.002576
0.002484
0.002609
0.002542
0.002383
0.002567
0.002644
0.002582
0.002531
0.002619
0.002543
0.002594
0.002490
0.002665
0.002674
0.002668
0.002488
0.002539
0.002500
0.002551
0.002502
0.002559
0.002606
0.002653
0.002596
0.002463
0.002483
0.002546
0.002621
0.002478
0.002599
0.002638
0.002430
0.002492
0.002594
0.002521
0.002578
0.002584
0.002599
0.002592
0.002412
0.002403
0.002431
0.002525
0.002538
0.002391
0.002459
0.002438
0.002385
0.002483
0.002567
0.002555
0.002550
0.002661
0.002486
0.002385
0.002563
0.002449
0.002654
0.002444
0.002523
0.002503
0.002571
0.002474
0.002574
0.002528
0.002456
0.002796
0.002710
0.002535
0.002604
0.002409
0.002510
0.002728
0.002893
0.002594
0.002574
0.002515
0.002735
0.002527
0.002632
0.002416
0.002436
0.002649
0.002562
0.002498
0.002624
0.002421
0.002361
0.002515
0.002437
0.002502
0.002581
0.002569
0.002473
0.002487
0.002577
0.002447
0.002610
0.002572
0.002592
0.002522
0.002576
0.002633
0.002562
0.002543
0.002410
0.002469
0.002510
0.002497
0.002508
0.002463
0.002564
0.002533
0.002474
0.002556
0.002389
0.002596
0.002577
0.002522
0.002401
0.002363
0.002398
-1
0.002417
0.002454
0.002802
0.002524
0.002433
0.002581
0.002420
0.002487
0.002577
0.002445
0.002407
0.002501
0.002560
0.002424
0.002748
0.002537
0.002432
0.002432
0.002625
0.002532
0.002496
0.002663
0.002591
0.002461
0.002547
0.002580
0.002474
0.002526
0.002405
0.002379
0.002548
0.002444
0.002591
0.002491
0.002580
0.002510
0.002564
0.002556
0.002403
0.002506
0.002431
0.002500
0.002454
0.002473
0.002548
0.002471
0.002471
0.002465
0.002465
0.002374
0.002614
0.002484
0.002436
0.002402
0.002545
0.002641
0.002642
0.002586
0.002565
0.002568
0.002646
0.002553
0.002525
0.002466
0.002453
0.002594
0.002579
0.002425
0.002456
0.002553
0.002508
0.002460
0.002390
0.002489
-1
0.002503
0.002697
0.002490
0.002543
0.002536
0.002517
0.002689
0.002558
0.002510
0.002391
0.002440
0.002420
0.002345
0.002625
0.002487
0.002503
0.002554
0.002553
0.002610
0.002550
0.002608
0.002457
0.002361
0.002617
0.002555
0.002436
0.002551
0.002597
0.002413
0.002536
0.002764
0.002426
0.002387
0.002693
0.002370
0.002474
0.002703
0.002665
0.002403
0.002475
0.002364
0.002629
0.002784
0.002626
0.002457
0.002586
0.002557
0.002403
0.002526
0.002535
0.002562
0.002476
0.002603
0.002428
0.002588
0.002436
0.002513
0.002408
0.002534
0.002491
0.002523
0.002505
0.002450
0.002495
0.002575
0.002492
0.002570
0.002650
0.002478
0.002522
0.002401
0.002517
0.002642
0.002434
