0.008473
0.007324
0.007617
0.007424
0.007267
0.007755
0.007619
0.008152
0.008212
0.006985
0.006653
0.007036
0.006632
0.006551
0.006178
0.006361
0.006242
0.006289
0.006180
0.006347
0.003247
0.003331
0.003291
0.003235
0.002892
0.005005
0.002893
0.002789
0.002888
0.002837
0.002840
0.002819
0.002924
0.002767
0.002903
0.003032
0.002986
0.003119
0.002957
0.004699
0.003051
0.002843
0.002676
0.003047
0.002844
0.002985
0.002844
0.003027
0.003150
0.002962
0.002790
0.003057
0.002905
0.002862
0.002857
0.002991
0.002790
0.002915
0.002990
0.002985
0.002974
0.003092
0.002823
0.002856
0.002807
0.002947
0.002823
0.002930
0.002914
0.002910
0.003055
0.002892
0.002835
0.003024
0.003021
0.003040
0.002847
0.003061
0.003009
0.005215
0.004239
0.003096
0.002864
0.002803
0.003160
0.003168
0.003008
0.003025
0.002920
0.003009
0.002963
0.003201
0.003133
0.002801
0.002925
0.002701
0.005268
0.002968
0.002882
0.002874
0.002907
0.003177
0.003232
0.003114
0.003907
0.003030
0.002905
0.002951
0.002944
0.002998
0.002861
0.002919
0.002956
0.003075
0.002698
0.002905
0.003035
0.002913
0.002977
0.003043
0.002883
0.002838
0.002963
0.002877
0.002848
0.002590
0.002829
0.002984
0.003018
0.002738
0.002943
0.002803
0.003058
0.002871
0.002871
0.002847
0.003089
0.002868
0.003346
0.002954
0.003040
0.002937
0.002962
0.002819
0.002991
0.002695
0.003124
0.002952
0.002897
0.002956
0.002898
0.003073
0.002949
0.002649
0.003057
0.005500
0.003157
0.003078
0.003178
0.002834
0.007409
0.003988
0.003253
0.002810
0.002946
0.002824
0.002729
0.003066
0.002878
0.003130
0.002769
0.002909
0.002957
0.002835
0.002918
0.003113
0.002793
0.003239
0.002827
0.002741
0.002814
0.002802
0.002891
0.002792
0.002931
0.002927
0.002817
0.003065
0.002844
0.002992
0.002681
0.002792
0.002956
0.002899
0.003008
0.003255
0.002961
0.003128
0.003080
0.002803
0.002945
0.002857
0.003722
0.002935
0.002980
0.002976
0.002750
0.002813
0.002996
0.002697
0.002643
0.002650
0.002757
0.003665
0.002996
0.003129
0.002820
0.002986
0.002784
0.002844
0.002877
0.002868
0.002668
0.002892
0.002869
0.002932
0.003079
0.002938
0.002822
0.002791
0.002769
0.002969
0.003108
0.003242
0.003070
0.003150
0.002970
0.002849
0.002793
0.002995
0.002754
0.002830
0.002893
0.002861
0.002869
0.003002
0.002945
0.003111
0.002929
0.002778
0.002844
0.002893
0.003950
0.002997
0.002846
0.003022
0.002875
0.003047
0.002989
0.002894
0.003125
0.002808
0.002929
0.002863
0.002853
0.002870
0.002829
0.002680
0.003083
0.002684
0.002836
0.002989
0.002889
0.003048
0.003075
0.002788
0.002839
0.003014
0.002869
0.002752
0.002950
0.002695
0.002999
0.003005
0.002977
0.002718
0.003175
0.002898
0.002928
0.003018
0.002872
0.003021
0.002854
0.002864
0.002748
0.003766
0.002889
0.003101
0.003104
0.003987
0.003510
0.002990
0.003082
0.002819
0.003072
0.003018
0.002967
0.002820
0.002980
0.002986
0.002910
0.003202
0.003062
0.003070
0.002965
0.002849
0.003045
0.002954
0.003026
0.003029
0.003362
0.002789
0.002794
0.002897
0.002862
0.002837
0.002916
0.002979
0.002742
0.002903
0.003649
0.002939
0.003061
0.003018
0.002933
0.003017
0.003101
0.003005
0.002916
0.003007
0.002837
0.002922
0.002686
0.003018
0.002924
0.002672
0.002901
0.002964
0.002886
0.002980
0.003206
0.002920
0.002858
0.003099
0.002962
0.002833
0.002917
0.002752
0.002755
0.002924
0.003051
0.002832
0.002912
0.002958
0.002819
0.002981
0.002853
0.002854
0.003064
0.003017
0.003131
0.002844
0.003048
0.003051
0.002904
0.002907
0.003176
0.002689
0.002924
0.002933
0.002903
0.003018
0.002826
0.002992
0.002983
0.002841
0.002774
0.002954
0.002842
0.003163
0.003010
0.002810
0.002987
0.003527
0.002929
0.002839
0.002799
0.003680
0.002963
0.003446
0.002785
0.003084
0.002890
0.002854
0.002960
0.002742
0.002857
0.002881
0.003248
0.002883
0.003202
0.002872
0.003038
0.002804
0.002807
0.002787
0.002983
0.002978
0.003124
0.002807
0.002804
0.002916
0.002755
0.002956
0.002759
0.002697
0.002740
0.002910
0.003001
0.003079
0.003040
0.002645
0.002891
0.003005
0.002830
0.003005
0.003002
0.002934
0.002929
0.002981
0.002980
0.002869
0.002893
0.002821
0.003073
0.002809
0.002787
0.003122
0.003132
0.002843
0.002846
0.003168
0.002883
0.003485
0.004116
0.003795
0.003436
0.003513
0.002975
0.002829
0.002979
0.003026
0.002922
0.003088
0.002895
0.002974
0.003039
0.003023
0.003259
0.002962
0.002921
0.002798
0.002821
0.003130
0.002921
0.002772
0.002876
0.002825
0.002791
0.002955
0.006819
0.006908
0.006831
0.006630
0.006869
0.006934
0.006922
0.006871
0.006913
0.006778
0.007846
0.014427
0.006797
0.006774
0.006577
0.006780
0.006727
0.009541
0.006861
0.006826
0.002714
0.002924
0.002966
0.002806
0.003033
0.003010
0.003031
0.002832
0.002740
0.002728
0.003060
0.002742
0.002887
0.003066
0.002871
0.004889
0.003107
0.002984
0.002837
0.002800
0.002981
0.002790
0.002848
0.002946
0.002980
0.002892
0.002639
0.002845
0.002838
0.003087
0.002890
0.002819
0.002979
0.002716
0.003091
0.002941
0.002898
0.003080
0.003011
0.003061
0.002875
0.003073
0.002994
0.002924
0.003109
0.002893
0.002826
0.002712
0.003013
0.002928
0.002807
0.003139
0.002881
0.002716
0.002929
0.003253
0.003024
0.002919
0.003327
0.002793
0.002993
0.003059
0.002868
0.003010
0.002940
0.003049
0.002883
0.002838
0.002848
0.002891
0.003011
0.002944
0.002973
0.002918
0.003167
0.003026
0.002974
0.002800
0.002847
0.002860
0.002848
0.002807
0.003922
0.003631
0.003685
0.003140
0.003088
0.003003
0.003082
0.002763
0.003098
0.003070
0.002823
0.002779
0.002921
0.003030
0.002972
0.003126
0.003062
0.002870
0.002970
0.002752
0.002913
0.002854
0.002868
0.002865
0.002858
0.002887
0.002888
0.002995
0.003122
0.002880
0.002950
0.005018
0.003067
0.002770
0.003048
0.002809
0.002747
0.002983
0.002968
0.002857
0.002820
0.002992
0.002944
0.003018
0.003047
0.002779
0.002864
0.003038
0.002894
0.002904
0.002800
0.002957
0.003123
0.002869
0.002864
0.003077
0.002766
0.002821
0.002886
0.002723
0.003014
0.002817
0.003037
0.002893
0.003049
0.002978
0.002918
0.002897
0.002810
0.002731
0.003041
0.002799
0.003046
0.002967
0.003018
0.002815
0.002897
0.003066
0.002825
0.002870
0.002887
0.002842
0.003021
0.002865
0.003106
0.002803
0.002729
0.002897
0.003129
0.002978
0.002962
0.003047
0.003026
0.002788
0.002866
0.002904
0.002937
0.002939
0.002930
0.004085
0.003103
0.003159
0.002957
0.003080
0.002810
0.003320
0.002767
0.002907
0.002961
0.002821
0.003074
0.003032
0.002922
0.003319
0.003044
0.002684
0.003006
0.002858
0.002785
0.002755
0.002856
0.002992
0.002741
0.002711
0.002954
0.002681
0.002847
0.002894
0.002768
0.002974
0.005480
0.002996
0.002876
0.003311
0.003133
0.002882
0.002983
0.002931
0.002955
0.002891
0.002877
0.003068
0.002930
0.002780
0.002639
0.003050
0.002821
0.002858
0.002867
0.002792
0.003697
0.002954
0.002843
0.002897
0.003049
0.006816
0.003975
0.004109
0.003637
0.003816
0.002798
0.002880
0.002873
0.003021
0.003007
0.002903
0.002941
0.002911
0.002869
0.003202
0.003235
0.003160
0.003191
0.002944
0.002758
0.002809
0.002990
0.002781
0.002836
0.002894
0.003000
0.003020
0.003227
0.002805
0.003153
0.003026
0.002923
0.003046
0.003148
0.003091
0.003057
0.003061
0.003078
0.003030
0.003303
0.003184
0.003054
0.003926
0.002979
0.002886
0.002978
0.003103
0.003105
0.002890
0.002921
0.003001
0.002981
0.002851
0.002988
0.002883
0.003053
0.003111
0.002993
0.002777
0.002976
0.002937
0.002978
0.002719
0.002904
0.002959
0.003094
0.003019
0.003037
0.002899
0.002886
0.002815
0.002969
0.002953
0.003134
0.002879
0.002981
0.003062
0.003108
0.002845
0.002846
0.002869
0.002839
0.003023
0.002962
0.002926
0.002846
0.002708
0.002911
0.002919
0.002630
0.003021
0.002751
0.005512
0.002959
0.002861
0.002937
0.002839
0.002991
0.002875
0.002955
0.002790
0.002855
0.002864
0.002936
0.002854
0.002774
0.002910
0.003057
0.002856
0.002825
0.002764
0.002856
0.002733
0.003242
0.003030
0.002845
0.002878
0.002897
0.002972
0.002970
0.002837
0.002889
0.002872
0.002947
0.003143
0.003012
0.003589
0.002660
0.002806
0.002970
0.002681
0.002849
0.002939
0.002950
0.003117
0.002796
0.003645
0.002996
0.002920
0.002950
0.002998
0.003108
0.002883
0.002907
0.002828
0.002813
0.002879
0.002807
0.002815
0.002789
0.003090
0.003095
0.002885
0.003051
0.002918
0.002947
0.002753
0.002811
0.002909
0.002948
0.002951
0.002857
0.002785
0.002976
0.002730
0.003273
0.002775
0.002816
0.003002
0.002963
0.004133
0.002896
0.002807
0.002868
0.003084
0.002869
0.002851
0.003018
0.002790
0.002834
0.002895
0.002771
0.003192
0.002980
0.002912
0.002873
0.003255
0.003049
0.002905
0.003116
0.003342
0.002990
0.003098
0.002812
0.003092
0.002833
0.002935
0.002934
0.002883
0.002805
0.003097
0.002772
0.002810
0.003052
0.002961
0.002754
0.002968
0.002910
0.002960
0.002989
0.003766
0.002966
0.002981
0.002892
0.002810
0.002818
0.003444
0.002976
0.002649
0.002985
0.002965
0.002862
0.003127
0.002789
0.006662
0.006674
0.007035
0.006897
0.006989
0.006712
0.006914
0.006731
0.006854
0.007728
0.007234
0.006671
0.007248
0.006801
0.007111
0.007099
0.009337
0.007007
0.006873
0.006758
0.002892
0.003133
0.003058
0.002929
0.003051
0.003009
0.002929
0.003049
0.002889
0.002950
0.002912
0.002979
0.003061
0.002778
0.002878
0.003074
0.002656
0.002921
0.003594
