0.011029
0.010087
0.009916
0.009550
0.009516
0.009455
0.009284
0.009415
0.009302
0.009428
0.009502
0.009710
0.009617
0.009541
0.009500
0.009775
0.009410
0.009462
0.009520
0.010035
0.005982
0.005471
0.005440
0.005884
0.005605
0.005670
0.005579
0.005915
0.005541
0.005703
0.005989
0.005687
0.005763
0.005527
0.005625
0.005733
0.005471
0.005657
0.005673
0.005754
0.005746
0.005793
0.005876
0.005775
0.005518
0.005845
0.005881
0.005716
0.005862
0.005955
0.005591
0.005776
0.005862
0.005651
0.005776
0.005481
0.006238
0.005824
0.005584
0.005459
0.005965
0.005776
0.005811
0.007710
0.005585
0.006918
0.006822
0.005441
0.005761
0.005591
0.005678
0.005550
0.005466
0.005166
0.005304
0.005260
0.005222
0.005018
0.005783
0.006490
0.005656
0.005956
0.005942
0.005810
0.005739
0.005745
0.005757
0.005806
0.005757
0.005618
0.005502
0.005636
0.005567
0.005757
0.005743
0.005928
0.005602
0.005849
0.005747
0.005526
0.005589
0.005578
0.008121
0.005751
0.005582
0.005974
0.005566
0.005626
0.005638
0.005652
0.005972
0.005586
0.005550
0.005714
0.005728
0.005722
0.005593
0.006046
0.005808
0.005602
0.005644
0.005754
0.005463
0.005510
0.005477
0.005441
0.005915
0.005630
0.005628
0.005454
0.005551
0.006169
0.008299
0.005993
0.005778
0.005642
0.005633
0.005734
0.005710
0.005845
0.005429
0.005809
0.005676
0.005599
0.005734
0.005535
0.005895
0.007065
0.006644
0.006540
0.006063
0.006009
0.005574
0.005506
0.005783
0.005590
0.005617
0.011681
0.006480
0.006316
0.006372
0.005452
0.005996
0.005898
0.005709
0.005818
0.005738
0.005723
0.005640
0.005847
0.005825
0.005679
0.005749
0.005876
0.005649
0.005519
0.005751
0.005864
0.005861
0.005788
0.005597
0.005886
0.005520
0.005462
0.005743
0.005660
0.005712
0.005754
0.005675
0.005627
0.005746
0.005590
0.005853
0.005890
0.005804
0.005537
0.005952
0.005838
0.005565
0.005653
0.005732
0.005634
0.005536
0.005662
0.005751
0.005757
0.005752
0.006075
0.006013
0.005573
0.005680
0.005667
0.005754
0.005782
0.005546
0.005504
0.005551
0.005648
0.005653
0.005599
0.005498
0.005572
0.005682
0.006445
0.006271
0.006178
0.006057
0.005514
0.005548
0.006175
0.005766
0.005917
0.005933
0.005628
0.005696
0.005558
0.005671
0.005645
0.005920
0.005451
0.005582
0.005632
0.005656
0.005526
0.005681
0.005715
0.005710
0.005741
0.005684
0.005571
0.005748
0.005629
0.005607
0.005536
0.005901
0.005709
0.005632
0.005661
0.005589
0.005604
0.005834
0.005928
0.005821
0.005520
0.005509
0.005415
0.005781
0.005614
0.005552
0.005780
0.005627
0.005926
0.005650
0.005556
0.005582
0.005634
0.005660
0.005881
0.005586
0.005759
0.005793
0.005584
0.005639
0.005583
0.005823
0.005849
0.005756
0.005725
0.005609
0.005744
0.005650
0.005677
0.005666
0.005621
0.005790
0.005869
0.005867
0.005606
0.005667
0.006785
0.006132
0.006072
0.005679
0.005668
0.005433
0.005682
0.005857
0.005471
0.005551
0.005646
0.005579
0.005759
0.005754
0.005682
0.006075
0.005640
0.005576
0.005496
0.005649
0.005701
0.005422
0.005820
0.005762
0.005684
0.005687
0.005883
0.005879
0.005780
0.005680
0.005678
0.005906
0.005704
0.005805
0.005605
0.005898
0.005816
0.005740
0.005726
0.005715
0.005865
0.005590
0.005652
0.005602
0.005840
0.008068
0.005847
0.005813
0.005544
0.005786
0.005762
0.005709
0.005641
0.005789
0.005593
0.005742
0.005617
0.005496
0.005703
0.005758
0.005806
0.005968
0.005844
0.005826
0.005736
0.005631
0.005675
0.005641
0.005804
0.005465
0.005727
0.005572
0.005839
0.005752
0.005615
0.005755
0.011242
0.010134
0.010098
0.010233
0.010090
0.010368
0.010278
0.011663
0.010813
0.010029
0.009399
0.009650
0.010751
0.009455
0.009521
0.009487
0.009666
0.009628
0.009696
0.009686
0.005780
0.005634
0.005483
0.005670
0.005840
0.005947
0.005678
0.005451
0.005554
0.005674
0.005569
0.005611
0.005642
0.005769
0.005843
0.005485
0.005642
0.005688
0.008024
0.005647
0.005831
0.005611
0.005598
0.005408
0.005509
0.005655
0.005743
0.005594
0.005810
0.005758
0.005828
0.005651
0.005665
0.008193
0.005809
0.005692
0.005634
0.005627
0.005656
0.005671
0.005881
0.005705
0.005791
0.005503
0.005658
0.005572
0.005638
0.005675
0.005706
0.006983
0.006145
0.005624
0.006112
0.006160
0.005774
0.005679
0.005730
0.006973
0.006657
0.006599
0.006440
0.006393
0.006223
0.006682
0.006746
0.006334
0.006196
0.006418
0.006165
0.006680
0.006551
0.006317
0.006227
0.006093
0.006198
0.006153
0.006336
0.006224
0.008209
0.006496
0.006374
0.006433
0.006064
0.006288
0.006129
0.006325
0.006213
0.006220
0.006352
0.006215
0.006267
0.006153
0.007583
0.006553
0.006355
0.006067
0.006228
0.006308
0.006571
0.006295
0.006567
0.006239
0.006125
0.006130
0.006252
0.006070
0.006313
0.006629
0.006226
0.006186
0.006595
0.006184
0.006282
0.006247
0.006388
0.006073
0.006267
0.006514
0.006107
0.006266
0.006297
0.009047
0.006517
0.006549
0.006684
0.006286
0.006425
0.006125
0.006500
0.006163
0.006486
0.006315
0.006174
0.006154
0.006129
0.006222
0.006757
0.006203
0.006202
0.006355
0.006220
0.006381
0.006327
0.006220
0.006446
0.006268
0.006854
0.006166
0.006255
0.006185
0.008917
0.006741
0.006246
0.006628
0.006288
0.006266
0.006438
0.006193
0.006268
0.006367
0.006482
0.006338
0.006176
0.006271
0.009224
0.006673
0.006424
0.006554
0.006896
0.006238
0.006085
0.006752
0.006354
0.006322
0.006366
0.006247
0.006084
0.006155
0.006773
0.006538
0.006453
0.006293
0.006249
0.006380
0.006316
0.006369
0.006738
0.006166
0.006416
0.006525
0.006463
0.006145
0.006115
0.006485
0.006596
0.006310
0.005568
0.006208
0.005580
0.005751
0.005485
0.005692
0.005646
0.006225
0.006562
0.005723
0.005409
0.005050
0.005184
0.005224
0.006308
0.005275
0.005206
0.005064
0.004958
0.005329
0.005238
0.005862
0.005625
0.005539
0.005738
0.005504
0.005581
0.005816
0.005889
0.005565
0.005726
0.005615
0.005671
0.005670
0.005596
0.005720
0.005787
0.005513
0.005507
0.005474
0.005592
0.005576
0.005606
0.005653
0.005880
0.005636
0.005481
0.005716
0.005571
0.005845
0.005425
0.005655
0.005764
0.005733
0.005590
0.005396
0.005756
0.005686
0.005856
0.005707
0.005672
0.006176
0.005438
0.005551
0.005568
0.005660
0.005705
0.005699
0.005652
0.005527
0.005826
0.005475
0.005774
0.005720
0.006681
0.006457
0.006646
0.006220
0.005662
0.005585
0.005830
0.005667
0.005543
0.005650
0.005750
0.005710
0.005617
0.005468
0.005807
0.006026
0.005703
0.005795
0.005827
0.005636
0.005552
0.005644
0.005559
0.005777
0.005694
0.005801
0.005600
0.005680
0.005814
0.005677
0.005945
0.005814
0.005602
0.005534
0.005586
0.005533
0.005427
0.005581
0.006001
0.005644
0.005696
0.005733
0.005591
0.005567
0.005595
0.005638
0.005697
0.005484
0.005921
0.005733
0.005654
0.005492
0.005634
0.005689
0.006076
0.006728
0.005645
0.005410
0.005400
0.005180
0.005160
0.004996
0.005137
0.005170
0.005631
0.005645
0.005505
0.005498
0.005711
0.005581
0.005874
0.005737
0.005602
0.005680
0.005615
0.006859
0.006805
0.009852
0.010020
0.010245
0.009872
0.010336
0.010295
0.010133
0.010207
0.010123
0.012917
0.010572
0.010634
0.010267
0.010112
0.010276
0.010415
0.010115
0.009995
0.009536
0.009648
0.005769
0.005932
0.005646
0.005560
0.005710
0.005599
0.005561
0.005622
0.005755
0.005567
0.005522
0.005452
0.005692
0.005702
0.005558
0.005715
0.005709
0.005697
0.005634
0.005785
0.005668
0.005742
0.005526
0.005905
0.005754
0.005531
0.005686
0.005575
0.005521
0.005505
0.005764
0.005877
0.005854
0.005564
0.005892
0.005662
0.005803
0.005613
0.005897
0.005669
0.005683
0.005778
0.005810
0.005488
0.005702
0.005535
0.005914
0.006713
0.005594
0.005685
0.005892
0.005505
0.005567
0.005625
0.005591
0.005698
0.009026
0.006780
0.005529
0.005691
0.005179
0.005163
0.005192
0.005213
0.005112
0.005305
0.005737
0.005751
0.005797
0.005729
0.005593
0.005440
0.005599
0.005631
0.005489
0.005605
0.005618
0.005910
0.005711
0.005693
0.005725
0.005584
0.005654
0.005669
0.005594
0.005685
0.005568
0.005476
0.005640
0.005578
0.005620
0.005667
0.005990
0.005543
0.006135
0.005589
0.005685
0.005466
0.005535
0.005615
0.005611
0.005587
0.005547
0.005682
0.005632
0.005497
0.005816
0.006000
0.005575
0.005701
0.005782
0.005572
0.005733
0.005742
0.005647
0.005912
0.005688
0.005578
0.005510
0.005728
0.005726
0.005675
0.005855
0.006576
0.006189
0.005601
0.005823
0.005470
0.005688
0.006007
0.005633
0.005515
0.005504
0.005792
0.005646
0.005546
0.005628
0.005978
0.005629
0.005523
0.005499
0.005643
0.005522
0.005535
0.005828
0.005649
0.005782
0.005635
0.005977
0.005709
0.005680
0.005556
0.005472
0.005786
0.006054
0.005558
0.005529
0.005632
0.005522
0.005894
0.005883
0.005632
0.005649
0.005898
0.005515
0.005778
0.005527
0.007762
0.005700
0.005692
0.005725
0.005882
0.005802
0.005662
0.005656
0.005675
0.005827
0.005705
0.005600
0.005596
0.005659
0.005649
0.005636
0.005754
0.005755
0.005687
0.005802
0.005685
0.005577
0.005598
0.005751
0.005675
0.005661
0.005691
0.005782
0.005685
0.005604
0.005569
0.005830
0.006497
0.006398
0.006585
0.005599
0.005898
0.005548
0.005647
0.005899
0.005709
0.005533
0.005827
0.005555
0.005594
0.005798
0.006089
0.005613
0.005935
0.005950
0.005740
0.005656
0.005888
0.005816
0.005721
0.005634
0.005528
0.005564
0.005525
0.005628
0.005702
0.007595
0.005837
0.005738
0.005780
0.005621
0.005479
0.005586
0.005866
0.005648
0.005515
