0.008739
0.007910
0.007657
0.008054
0.009621
0.007898
0.007803
0.007642
0.007941
0.008079
0.006896
0.007966
0.007060
0.007013
0.006935
0.006680
0.006457
0.006650
0.006653
0.006555
0.003337
0.003200
0.003204
0.003245
0.003180
0.003290
0.003238
0.003044
0.002997
0.004204
0.004722
0.003101
0.002867
0.002661
0.002985
0.002949
0.002910
0.002694
0.002728
0.002740
0.002888
0.003241
0.003106
0.003208
0.003166
0.003116
0.003369
0.003209
0.003306
0.003066
0.003226
0.003191
0.003023
0.003074
0.003247
0.003344
0.003301
0.003390
0.003245
0.003408
0.003368
0.003218
0.003136
0.003101
0.003435
0.003160
0.003106
0.003269
0.003123
0.003255
0.003011
0.003337
0.003053
0.003395
0.003255
0.003318
0.003191
0.003207
0.003258
0.003168
0.003229
0.003525
0.003850
0.003430
0.003179
0.003291
0.003371
0.003361
0.003277
0.003197
0.003156
0.003189
0.003709
0.003294
0.003302
0.003140
0.003243
0.003213
0.003061
0.003126
0.003094
0.003238
0.003376
0.003017
0.003183
0.004331
0.003905
0.003695
0.003188
0.003214
0.003679
0.003323
0.003296
0.003367
0.003288
0.003352
0.003221
0.003116
0.003099
0.003440
0.003098
0.003224
0.003214
0.003104
0.003099
0.003115
0.003262
0.003318
0.003190
0.003308
0.003346
0.003134
0.003364
0.003188
0.003088
0.003071
0.003339
0.003029
0.003248
0.003350
0.003206
0.003071
0.003153
0.003052
0.003179
0.003222
0.003267
0.003331
0.003344
0.003353
0.003259
0.003373
0.003289
0.003094
0.003325
0.003238
0.003188
0.003013
0.003073
0.003171
0.003109
0.003308
0.003352
0.003214
0.003038
0.003425
0.003116
0.003300
0.003264
0.003583
0.007019
0.003944
0.003282
0.003242
0.003363
0.003154
0.003167
0.003296
0.003145
0.002999
0.003069
0.003541
0.003377
0.002951
0.003055
0.003208
0.003237
0.003592
0.003392
0.003056
0.003233
0.003118
0.003102
0.003006
0.003368
0.002989
0.003421
0.003122
0.002983
0.003059
0.004001
0.003790
0.003142
0.003195
0.003176
0.004518
0.003615
0.003359
0.003326
0.003362
0.003284
0.003188
0.003203
0.003087
0.003396
0.003088
0.003267
0.003157
0.003146
0.003305
0.003305
0.003181
0.003231
0.003059
0.003400
0.003173
0.003106
0.003003
0.003122
0.003029
0.003120
0.003004
0.003268
0.003089
0.003108
0.003094
0.003207
0.003043
0.003294
0.003124
0.003152
0.003250
0.003012
0.004251
0.003544
0.003238
0.003110
0.003234
0.003205
0.003249
0.003248
0.003128
0.003206
0.003193
0.003385
0.003186
0.002952
0.003097
0.003174
0.003103
0.003151
0.003144
0.004581
0.003377
0.003146
0.002961
0.003256
0.003243
0.003190
0.003189
0.003157
0.003127
0.003115
0.003276
0.003383
0.003168
0.003137
0.003207
0.003136
0.002961
0.002939
0.003119
0.003445
0.003518
0.003447
0.003084
0.003104
0.003375
0.003116
0.003245
0.003417
0.003167
0.003122
0.003207
0.003057
0.004552
0.003747
0.003058
0.003176
0.003087
0.003594
0.003322
0.003286
0.003185
0.003305
0.003183
0.003315
0.003065
0.003112
0.003331
0.003331
0.003072
0.003186
0.003107
0.003075
0.003074
0.003176
0.003185
0.003101
0.005603
0.003361
0.003169
0.003179
0.003270
0.003156
0.003142
0.003400
0.003188
0.003219
0.003142
0.003135
0.003005
0.003100
0.002984
0.003203
0.003011
0.003202
0.003080
0.003211
0.003124
0.003133
0.003163
0.003273
0.003448
0.003094
0.003055
0.003306
0.003170
0.003033
0.003194
0.003287
0.003157
0.003127
0.003551
0.003189
0.003043
0.003108
0.003062
0.003637
0.003439
0.003365
0.003128
0.003252
0.003247
0.003079
0.003285
0.003066
0.003122
0.003221
0.003086
0.003139
0.003219
0.003304
0.003208
0.003050
0.003230
0.003145
0.003150
0.003508
0.003409
0.003166
0.002897
0.003129
0.003199
0.003163
0.003174
0.003401
0.003433
0.003264
0.003344
0.003206
0.003332
0.003338
0.003345
0.003285
0.003202
0.003055
0.003187
0.003214
0.003022
0.003330
0.003104
0.003259
0.002987
0.003096
0.003095
0.003103
0.002923
0.003237
0.003451
0.003373
0.003019
0.003077
0.003296
0.003274
0.003288
0.003242
0.002972
0.002980
0.003401
0.003191
0.003201
0.002977
0.002986
0.003232
0.003227
0.002992
0.003145
0.003114
0.003347
0.003276
0.003248
0.003192
0.003137
0.003814
0.003340
0.003165
0.003331
0.003269
0.003243
0.003217
0.002942
0.003258
0.003177
0.003058
0.003308
0.003352
0.003285
0.003028
0.003107
0.003058
0.003174
0.003050
0.003374
0.003388
0.004547
0.002941
0.003077
0.002673
0.002723
0.002743
0.002460
0.002936
0.002631
0.002716
0.002813
0.002801
0.002676
0.002509
0.006553
0.006590
0.007135
0.007304
0.007081
0.007549
0.007526
0.007085
0.007213
0.007198
0.007152
0.006939
0.007996
0.007707
0.007781
0.010580
0.007102
0.007347
0.007026
0.007276
0.003326
0.003148
0.003196
0.003480
0.003256
0.003175
0.003029
0.003380
0.003238
0.003134
0.003092
0.003191
0.003263
0.003145
0.003816
0.003368
0.003167
0.002949
0.003085
0.003206
0.003123
0.003195
0.003398
0.003276
0.003098
0.003285
0.002962
0.003239
0.003295
0.003169
0.003193
0.003480
0.003156
0.003097
0.003123
0.003340
0.003109
0.003052
0.003056
0.003150
0.003120
0.003175
0.003287
0.003357
0.003181
0.003068
0.002976
0.003148
0.003033
0.003159
0.003388
0.003235
0.003426
0.003215
0.003506
0.003286
0.003073
0.003083
0.003028
0.003325
0.003167
0.004272
0.003314
0.003216
0.003019
0.003122
0.003056
0.002950
0.003218
0.003574
0.003268
0.003059
0.003203
0.003432
0.003063
0.003042
0.003181
0.003065
0.003337
0.003449
0.003270
0.003345
0.003798
0.003309
0.003213
0.003120
0.003169
0.005736
0.003481
0.003225
0.003318
0.003947
0.003134
0.003261
0.003198
0.003179
0.003055
0.003119
0.003207
0.003192
0.003295
0.003095
0.003197
0.002983
0.003029
0.003228
0.003802
0.003275
0.003377
0.003085
0.003132
0.003160
0.003310
0.003261
0.003054
0.003216
0.003210
0.003130
0.003073
0.003331
0.002970
0.003281
0.003291
0.003065
0.003267
0.004867
0.003366
0.003434
0.003171
0.003405
0.003233
0.003027
0.003195
0.003219
0.003111
0.003109
0.003043
0.003280
0.003231
0.002953
0.003183
0.003177
0.003028
0.003327
0.003315
0.003400
0.003320
0.003186
0.003340
0.003121
0.003320
0.003345
0.003210
0.003316
0.003058
0.003124
0.003318
0.003195
0.003285
0.003004
0.003250
0.002979
0.002971
0.005583
0.003183
0.003377
0.003184
0.003462
0.003150
0.003094
0.003504
0.003096
0.003338
0.003416
0.003134
0.003111
0.003977
0.004092
0.003656
0.003841
0.003112
0.006197
0.003337
0.003215
0.003136
0.003289
0.003389
0.003102
0.003143
0.003179
0.003307
0.003124
0.003329
0.003022
0.003309
0.003437
0.003180
0.003055
0.003184
0.003014
0.003364
0.003116
0.003475
0.003231
0.003133
0.003042
0.003314
0.003186
0.003382
0.003038
0.003058
0.003288
0.003138
0.003137
0.003351
0.003325
0.003245
0.003052
0.003237
0.003443
0.003326
0.003159
0.003123
0.003218
0.003212
0.003354
0.002986
0.003168
0.003164
0.003092
0.003093
0.003175
0.003114
0.003088
0.003108
0.003256
0.003073
0.003099
0.006109
0.003148
0.003758
0.004082
0.002990
0.003074
0.002686
0.002694
0.002571
0.003123
0.002539
0.002588
0.002437
0.002661
0.002905
0.002898
0.002767
0.002732
0.002651
0.002625
0.003582
0.003266
0.003299
0.003209
0.003530
0.003278
0.003040
0.003142
0.003196
0.002968
0.003086
0.003210
0.003082
0.003170
0.007344
0.003673
0.003200
0.003091
0.003169
0.003209
0.003059
0.003281
0.003155
0.003503
0.003361
0.003413
0.003106
0.003314
0.003273
0.003290
0.003071
0.003358
0.003139
0.003112
0.003237
0.003232
0.003196
0.003421
0.003572
0.003073
0.003229
0.003136
0.003291
0.003043
0.003209
0.003258
0.003135
0.003311
0.003134
0.003227
0.003130
0.003120
0.003179
0.003023
0.003236
0.003083
0.003359
0.003289
0.003209
0.003494
0.003239
0.003229
0.003299
0.003234
0.003089
0.003106
0.003259
0.003237
0.003223
0.003266
0.002961
0.003140
0.003328
0.003238
0.003193
0.004121
0.003283
0.003392
0.003374
0.003042
0.003256
0.003209
0.003230
0.003261
0.003157
0.003145
0.003041
0.003206
0.003123
0.003175
0.003175
0.003200
0.003001
0.003281
0.003518
0.003524
0.003182
0.003462
0.003066
0.003415
0.003458
0.003384
0.003563
0.003114
0.003429
0.003227
0.003216
0.003216
0.003741
0.003358
0.003208
0.003210
0.003084
0.005713
0.003785
0.003250
0.003234
0.003242
0.003044
0.003316
0.003158
0.003299
0.003320
0.003192
0.003037
0.003137
0.003089
0.003150
0.003359
0.003130
0.003208
0.003271
0.004013
0.003158
0.003412
0.003433
0.003198
0.003134
0.003233
0.003128
0.003361
0.003171
0.003468
0.003324
0.003205
0.003163
0.003075
0.003142
0.003203
0.003048
0.003101
0.005764
0.003349
0.003399
0.003119
0.003322
0.003013
0.003090
0.003221
0.003175
0.003067
0.003006
0.003393
0.003118
0.002962
0.003175
0.003166
0.003112
0.003101
0.003144
0.005573
0.003376
0.003420
0.003032
0.003114
0.003188
0.003405
0.002990
0.003066
0.003031
0.003315
0.002990
0.003380
0.003136
0.002984
0.003261
0.003214
0.003315
0.008760
0.007057
0.007004
0.007108
0.006956
0.007079
0.007323
0.007136
0.007047
0.007075
0.008183
0.007791
0.007585
0.008494
0.007153
0.006740
0.007143
0.007125
0.007035
0.007113
0.003531
0.003239
0.003264
0.003130
0.003243
0.003024
0.003119
0.003141
0.003081
0.005881
0.003398
0.003229
0.003262
0.003093
0.003240
0.003250
0.003234
0.003219
0.003227
0.003075
0.003069
0.003165
0.003200
0.003426
0.003464
0.003000
0.003040
0.003201
0.003718
0.003437
0.003348
0.003238
0.003268
0.003182
0.003082
0.003258
0.003040
0.003462
0.003141
0.003169
0.003133
0.003122
0.003094
0.003136
0.003065
