0.009698
0.008843
0.008548
0.008687
0.008631
0.008468
0.008388
0.008512
0.008666
0.008627
0.008723
0.008553
0.008685
0.008737
0.008440
0.008356
0.008433
0.008478
0.008679
0.008411
0.007719
0.004726
0.004755
0.004535
0.004921
0.004794
0.004563
0.005277
0.004996
0.004409
0.004497
0.004561
0.004663
0.004568
0.004408
0.006073
0.005277
0.006133
0.004731
0.003801
0.003972
0.004182
0.003831
0.003795
0.003512
0.003528
0.003531
0.003526
0.003234
0.003439
0.003474
0.004190
0.003874
0.004286
0.003869
0.004211
0.004096
0.003876
0.003831
0.003900
0.004099
0.003975
0.004121
0.003989
0.004210
0.004088
0.003986
0.004065
0.003806
0.003980
0.005415
0.004139
0.004109
0.004131
0.004048
0.004048
0.004230
0.004208
0.004028
0.003970
0.003771
0.004097
0.003794
0.004173
0.003834
0.003927
0.004292
0.003906
0.004287
0.004065
0.003986
0.004036
0.004124
0.004115
0.004104
0.003961
0.003998
0.004016
0.003840
0.004130
0.004008
0.003953
0.003865
0.003945
0.004058
0.003956
0.004348
0.004257
0.004082
0.004069
0.003956
0.003879
0.003861
0.004014
0.003955
0.003980
0.004183
0.003863
0.004155
0.003925
0.003808
0.004226
0.004161
0.005119
0.004198
0.004153
0.004010
0.003821
0.004054
0.003778
0.004856
0.004671
0.004499
0.003931
0.004003
0.004036
0.003890
0.004103
0.003753
0.003909
0.004142
0.006038
0.004108
0.004408
0.004079
0.004171
0.004041
0.004000
0.003783
0.003759
0.004083
0.003880
0.004139
0.003993
0.004333
0.003984
0.003898
0.004023
0.003994
0.004585
0.004084
0.003961
0.004242
0.004104
0.003774
0.004068
0.004066
0.004452
0.004021
0.004005
0.003954
0.004007
0.004046
0.004084
0.004100
0.004198
0.003949
0.004263
0.004427
0.004071
0.004535
0.004039
0.003941
0.003978
0.003990
0.003852
0.003835
0.004075
0.004034
0.004024
0.004028
0.004048
0.004108
0.004135
0.004143
0.004252
0.003883
0.004102
0.004214
0.003951
0.003851
0.003952
0.004300
0.004040
0.004029
0.003982
0.003926
0.003857
0.004074
-1
0.007074
0.003466
0.003280
0.003156
0.003335
0.003454
0.003285
0.003343
0.003938
0.003861
0.004826
0.004075
0.004088
0.004028
0.003995
0.003912
0.003985
0.003877
0.004166
0.004219
0.003890
0.004138
0.004079
0.003967
0.004195
0.003967
0.003913
0.003860
0.003771
0.004092
0.004048
0.004348
0.003985
0.004267
0.003971
0.003979
0.004010
0.004101
0.004367
0.004123
0.004034
0.004054
0.004376
0.004025
0.003903
0.003982
0.003948
0.003853
0.004033
0.003817
0.004086
0.003799
0.004066
0.004143
0.004267
0.003835
0.003970
0.004155
0.003998
0.003954
0.004128
0.004012
0.003960
0.004052
0.003906
0.003945
0.004132
0.004009
0.003784
0.003916
0.003782
0.004261
0.004154
0.003933
0.003938
0.004407
0.003859
0.003965
0.004098
0.003809
0.004027
0.003955
0.004142
0.004021
0.003988
0.003984
0.003973
0.004139
0.003748
0.004168
0.004224
0.003931
0.004157
0.004114
0.004218
0.003884
0.004656
0.005078
0.004625
0.004126
0.004063
0.003938
0.004289
0.003986
0.004107
0.003931
0.006441
0.004079
0.004422
0.004269
0.004057
0.003963
0.004072
0.004077
0.003896
0.003894
0.004265
0.004047
0.004097
0.004220
0.003898
0.004065
0.004114
0.006799
0.004328
0.004017
0.004053
0.003892
0.003933
0.004280
0.004017
0.003974
0.003999
0.004028
0.004142
0.003899
0.004172
0.004019
0.004097
0.003960
0.003972
0.004303
0.003927
0.004402
0.003938
0.003977
0.003926
0.004115
0.003910
0.004106
0.004216
0.003982
0.003848
0.004031
0.003872
0.003835
0.004096
0.003817
0.006990
0.004122
0.004051
0.004028
0.004656
0.003965
0.003762
0.003999
0.003900
0.003981
0.004502
0.003916
0.004158
0.003814
0.003996
0.004063
0.003881
0.003947
0.004163
0.004087
0.003812
0.004012
0.004072
0.004037
0.004054
0.005043
0.004536
0.003820
0.003944
0.004111
0.004030
0.004116
0.003858
0.004029
0.004057
0.006436
0.004103
0.004545
0.004060
0.003986
0.003815
0.003904
0.003951
0.003839
0.004125
0.004149
0.003926
0.004339
0.004195
0.004149
0.004008
0.004096
0.006625
0.004339
0.004218
0.004068
0.004003
0.004184
0.004516
0.004217
0.008017
0.008073
0.008553
0.007817
0.007847
0.007601
0.007973
0.010952
0.008037
0.007898
0.008143
0.008006
0.007819
0.008001
0.007879
0.007807
0.007901
0.007975
0.008021
0.007966
0.004388
0.004065
0.004299
0.004133
0.004092
0.004069
0.004014
0.004162
0.004196
0.004150
0.004294
0.003904
0.004028
0.004064
0.003800
0.003835
0.004162
0.008023
0.004954
0.004032
0.004072
0.004087
0.003985
0.004048
0.004002
0.004922
0.004619
0.004681
0.004120
0.004041
0.003901
0.004055
0.004069
0.003977
0.004090
0.004433
0.004127
0.004049
0.004098
0.004088
0.003954
0.004025
0.004088
0.004381
0.004140
0.003989
0.004162
0.003946
0.004323
0.003915
0.004311
0.004109
0.004193
0.004045
0.003938
0.003979
0.004092
0.004198
0.004176
0.004084
0.003964
0.004153
0.004058
0.004066
0.003816
0.003976
0.004041
0.004089
0.003844
0.004003
0.004163
0.004169
0.003956
0.004122
0.004088
0.003846
0.003936
0.003877
0.004328
0.004013
0.003825
0.004010
0.004171
0.004094
0.004040
0.004133
0.004075
0.004542
0.003917
0.003869
0.004092
0.004034
0.004093
0.003968
0.004233
0.003824
0.004022
0.003961
0.004021
0.003977
0.003866
0.004012
0.004166
0.003821
0.003782
0.004207
0.004211
0.004188
0.003912
0.004102
0.003874
0.004115
0.003995
0.005011
0.004765
0.004722
0.004058
0.004006
0.004049
0.004148
0.004099
0.003958
0.003915
0.004279
0.004030
0.004150
0.003995
0.004179
0.003960
0.003830
0.004003
0.004291
0.004118
0.004117
0.004045
0.004210
0.004051
0.004021
0.003934
0.003918
0.005727
0.004107
0.003851
0.004035
0.004231
0.004047
0.004132
0.003952
0.004076
0.004217
0.003980
0.004050
0.003856
0.004360
0.004121
0.003868
0.003845
0.004097
0.004112
0.004061
0.004392
0.004173
0.003777
0.003986
0.003905
0.003803
0.003885
0.003979
0.004181
0.003876
0.004111
0.003806
0.003775
0.003716
0.003764
0.006740
0.003998
0.004061
0.003718
0.004571
0.004115
0.003865
0.003868
0.003800
0.003938
0.003883
0.003831
0.004211
0.003958
0.003980
0.003801
0.003750
0.003792
0.004119
0.003910
0.004221
0.003996
0.003818
0.004031
0.003778
0.004957
0.004505
0.004834
0.003800
0.003953
0.004017
0.003934
0.003875
0.004071
0.003947
0.004226
0.004279
0.003986
0.004210
0.004202
0.004187
0.003908
0.004065
0.003971
0.004523
0.004022
0.003813
0.004001
0.004166
0.004135
0.004282
0.003989
0.004073
0.006091
0.004062
0.003941
0.003925
0.003889
0.003913
0.004018
0.004472
0.004322
0.003951
0.004041
0.003922
0.003931
0.003934
0.004006
0.003920
0.004017
0.003966
0.004031
0.003997
0.004076
0.003875
0.004095
0.003978
0.003991
0.004044
0.003982
0.003950
0.004007
0.004089
0.004005
0.004003
0.004163
0.003868
0.003869
0.006098
0.004068
0.004107
0.004081
0.004153
0.004073
0.004019
0.003819
0.003935
0.003942
0.003804
0.004260
0.003801
0.004091
0.003908
0.003875
0.010777
0.005264
0.003873
0.003762
0.003483
0.003779
0.003729
0.003329
0.003443
0.004040
0.003760
0.004672
0.003987
0.004080
0.004241
0.003986
0.003937
0.004000
0.003934
0.004129
0.004089
0.004302
0.003940
0.004132
0.004151
0.003950
0.003898
0.004091
0.004153
0.004095
0.003780
0.004078
0.003864
0.004111
0.004007
0.004041
0.004902
0.004030
0.004031
0.004013
0.004238
0.004059
0.003947
0.003810
0.004357
0.003814
0.004012
0.004004
0.004033
0.003958
0.004063
0.003892
0.004102
0.004267
0.003957
0.003941
0.004105
0.004196
0.004123
0.003898
0.004081
0.003841
0.004082
0.003919
0.004125
0.003905
0.004167
0.003858
0.003944
0.003971
0.003834
0.004297
0.004043
0.003915
0.004175
0.003949
0.003844
0.004362
0.004129
0.004160
0.003882
0.004078
0.003817
0.004137
0.003941
0.004154
0.003915
0.004073
0.004197
0.003851
0.003992
0.004086
0.003937
0.004268
0.004117
0.003776
0.004071
0.003911
0.004103
0.003945
0.004098
0.003857
0.003956
0.004120
0.003881
0.004231
0.004339
0.004032
0.004198
0.003967
0.004063
0.004101
0.004021
0.003858
0.004034
0.003993
0.004103
0.003941
0.004305
0.004069
0.003933
0.003957
0.004151
0.005195
0.004028
0.004116
0.004014
0.004181
0.004066
0.004465
0.003983
0.004016
0.003973
0.007764
0.008293
0.008284
0.007957
0.008255
0.007747
0.008104
0.008431
0.007830
0.007940
0.007825
0.007911
0.007813
0.008012
0.008073
0.008038
0.008167
0.007708
0.008244
0.007823
0.004185
0.003942
0.004023
0.003889
0.003995
0.004166
0.004063
0.003865
0.004066
0.004132
0.004019
0.003980
0.004148
0.004083
0.004190
0.004194
0.004089
0.004098
0.004096
0.004050
0.004026
0.004103
0.004940
0.004927
0.004838
0.003982
0.004057
0.004108
0.004019
0.003926
0.004226
0.004219
0.004105
0.004288
0.004200
0.004002
0.004089
0.003917
0.004069
0.003991
0.004228
0.004084
0.003954
0.004088
0.004121
0.004127
0.004196
0.004067
0.003999
0.004073
0.004054
0.004262
0.004203
0.003824
0.003949
0.003905
0.003989
0.004125
0.003780
0.003995
0.004049
0.003983
0.003777
0.003880
0.003911
0.003936
0.004065
0.004207
0.004116
0.004052
0.003975
0.004008
0.003978
0.003864
0.003824
0.004000
0.004054
0.004167
0.004106
0.003935
0.003981
0.003832
0.004128
0.004018
0.005577
0.004099
0.004126
0.003884
0.004144
0.004183
0.004145
0.004073
0.003823
0.003895
0.004020
0.003993
0.003995
0.004250
0.004095
0.004140
0.003922
0.005068
0.005149
0.004123
0.003913
0.003448
0.003456
0.003510
0.003339
0.003482
0.003699
0.004033
0.004656
0.004002
0.004095
0.004082
0.003980
0.003973
0.004074
0.004230
