0.010004
0.009267
0.009421
0.009486
0.008991
0.008989
0.008847
0.008937
0.008932
0.009038
0.009075
0.009031
0.009526
0.008847
0.009237
0.009209
0.009246
0.008913
0.008991
0.008748
0.005068
0.005132
0.004926
0.005143
0.004876
0.005185
0.005180
0.005373
0.006110
0.005356
0.006371
0.005215
0.005263
0.005507
0.005126
0.005432
0.005346
0.005158
0.005270
0.005052
0.005255
0.005362
0.007028
0.005181
0.005778
0.005212
0.005274
0.005282
0.005407
0.005768
0.005729
0.005262
0.004762
0.004498
0.004698
0.004209
0.004467
0.004270
0.004175
0.004187
0.004015
0.004112
0.003977
0.004614
0.004820
0.004670
0.004837
0.004923
0.004650
0.004766
0.004728
0.004699
0.004398
0.004261
0.004351
0.004566
0.004583
0.004577
0.004499
0.004413
0.004875
0.004676
0.004387
0.004483
0.004478
0.005007
0.004514
0.004502
0.004437
0.004351
0.004593
0.004467
0.004468
0.004616
0.004633
0.004586
0.004630
0.004455
0.004676
0.004529
0.004876
0.004922
0.004495
0.004681
0.004678
0.004692
0.004524
0.004538
0.004919
0.007511
0.004847
0.004501
0.004470
0.004794
0.004402
0.004523
0.004468
0.004550
0.004402
0.004349
0.004662
0.004500
0.005839
0.004578
0.004401
0.004433
0.004612
0.004755
0.004586
0.004726
0.004501
0.004697
0.004569
0.004518
0.004564
0.004632
0.004530
0.005352
0.005308
0.005108
0.005010
0.004628
0.005727
0.004557
0.004445
0.004890
0.004705
0.004454
0.004440
0.004609
0.004723
0.004520
0.004477
0.004607
0.004468
0.004583
0.004621
0.004663
0.004546
0.004588
0.004707
0.004537
0.004439
0.004394
0.004491
0.004413
0.004546
0.004627
0.004577
0.004702
0.004442
0.004632
0.004402
0.004476
0.004499
0.004371
0.004692
0.004527
0.005217
0.004535
0.004472
0.004495
0.004704
0.004652
0.004792
0.004503
0.004476
0.004435
0.004522
0.004737
0.004651
0.004530
0.004454
0.004545
0.004850
0.004550
0.004572
0.004362
0.004626
0.004735
0.004649
0.004599
0.004457
0.004363
0.004519
0.005139
0.004667
0.004498
0.004413
0.004541
0.004735
0.004654
0.004619
0.004556
0.004722
0.004473
0.004624
0.004604
0.004534
0.004567
0.004644
0.005106
0.004717
0.005715
0.005930
0.005155
0.005477
0.004369
0.005938
0.004564
0.004526
0.004476
0.004628
0.004656
0.004622
0.004587
0.004575
0.004525
0.004884
0.004599
0.004598
0.004540
0.004705
0.004792
0.004665
0.004577
0.004663
0.004615
0.004725
0.004594
0.004519
0.004459
0.004539
0.004619
0.004889
0.004443
0.004524
0.004589
0.004454
0.007122
0.004529
0.004886
0.004689
0.004487
0.004643
0.004343
0.004453
0.004478
0.004675
0.004620
0.004491
0.004492
0.004475
0.004663
0.004650
0.004609
0.004584
0.005054
0.004777
0.004680
0.004651
0.004325
0.004516
0.004607
0.004545
0.004423
0.004537
0.004533
0.004671
0.004450
0.004575
0.004507
0.004558
0.004533
0.004721
0.004702
0.004396
0.004361
0.004569
0.004584
0.004576
0.004623
0.004446
0.004420
0.004727
0.005874
0.005205
0.004845
0.004618
0.007226
0.004622
0.004656
0.004501
0.004868
0.004667
0.004555
0.004426
0.004554
0.004358
0.004636
0.004704
0.004851
0.004475
0.004451
0.004582
0.004449
0.004606
0.004746
0.004537
0.004414
0.004691
0.004496
0.004741
0.004499
0.004618
0.004639
0.004783
0.004628
0.004677
0.004342
0.004489
0.004620
0.004371
0.004496
0.004695
0.004518
0.004672
0.004411
0.005181
0.004662
0.004490
0.004774
0.004448
0.004782
0.004745
0.004825
0.004769
0.004536
0.004600
0.004705
0.004457
0.004832
0.004495
0.004724
0.004525
0.004633
0.004585
0.004457
0.004326
0.004355
0.004484
0.004433
0.004703
0.004782
0.004469
0.004506
0.004697
0.004525
0.004631
0.004472
0.004492
0.004546
0.004396
0.004562
0.004767
0.004545
0.004503
0.004576
0.004374
0.005722
0.005101
0.005276
0.005026
0.007952
0.005497
0.005329
0.005417
0.005219
0.005279
0.005061
0.006091
0.005356
0.005420
0.005095
0.005322
0.005392
0.005332
0.005139
0.009154
0.009778
0.010283
0.009580
0.009374
0.009008
0.009194
0.009284
0.009450
0.009148
0.009109
0.009154
0.009228
0.009712
0.009264
0.009379
0.009239
0.009138
0.009298
0.009036
0.005114
0.005435
0.005165
0.005237
0.005076
0.005863
0.005410
0.005326
0.006216
0.005338
0.005074
0.005107
0.005487
0.004900
0.005266
0.005072
0.005135
0.005146
0.005165
0.005053
0.005410
0.005150
0.005791
0.005217
0.005563
0.005423
0.005244
0.005470
0.005592
0.005114
0.005569
0.005028
0.005004
0.006059
-1
0.005964
0.004779
0.004766
0.004494
0.004500
0.004694
0.004287
0.004575
0.004620
0.004431
0.004733
0.004549
0.004484
0.004602
0.004536
0.004530
0.004514
0.004535
0.004532
0.006569
0.004852
0.005209
0.004637
0.004508
0.004576
0.004372
0.004637
0.004450
0.004496
0.004550
0.004773
0.004649
0.004546
0.004620
0.004559
0.007205
0.004597
0.004527
0.004891
0.004523
0.004631
0.004545
0.004603
0.004367
0.004648
0.004379
0.004550
0.004667
0.004502
0.004772
0.004619
0.004717
0.004750
0.004651
0.004546
0.004488
0.004525
0.004472
0.004579
0.004479
0.004713
0.004719
0.004587
0.004765
0.004503
0.004609
0.005874
0.004595
0.004321
0.004716
0.004554
0.005465
0.004639
0.004624
0.004415
0.004624
0.004621
0.004717
0.004550
0.004542
0.004534
0.005622
0.005436
0.004945
0.004383
0.007219
0.004661
0.004525
0.004795
0.004578
0.004585
0.004541
0.004490
0.005011
0.004509
0.004552
0.004730
0.004541
0.004743
0.004326
0.004542
0.004622
0.007109
0.004448
0.004780
0.004548
0.004431
0.004472
0.004514
0.004459
0.004413
0.004674
0.004588
0.004738
0.004525
0.004582
0.004412
0.004639
0.007353
0.004619
0.004671
0.004951
0.004594
0.004686
0.004489
0.004497
0.004669
0.004703
0.004524
0.004465
0.004530
0.004388
0.004370
0.004412
0.004902
0.004794
0.004672
0.005380
0.004475
0.004705
0.004583
0.004503
0.004594
0.004541
0.004577
0.004546
0.004527
0.004671
0.004535
0.004676
0.004758
0.004545
0.005303
0.004653
0.004603
0.004510
0.004417
0.004536
0.004410
0.004642
0.004612
0.004549
0.004796
0.004523
0.005107
0.005038
0.004383
0.004580
0.006916
0.004515
0.004619
0.004800
0.004456
0.004368
0.004501
0.004429
0.004711
0.004741
0.004461
0.004458
0.004396
0.004416
0.004628
0.004484
0.004513
0.006938
0.004889
0.005229
0.004536
0.004618
0.004528
0.004871
0.004716
0.004541
0.004566
0.004732
0.004647
0.004870
0.004658
0.004620
0.004431
0.004495
0.004963
0.004436
0.004466
0.004560
0.004598
0.004599
0.004518
0.004502
0.004381
0.004491
0.004721
0.004503
0.004588
0.004602
0.004636
0.005120
0.005545
0.004635
0.005092
0.004992
0.004752
0.004464
0.004677
0.004440
0.004755
0.004510
0.004567
0.004481
0.004384
0.004711
0.004643
0.004545
0.004501
0.004868
0.004536
0.005022
0.004707
0.004405
0.004555
0.004594
0.004416
0.004484
0.004555
0.004593
0.004513
0.004657
0.004629
0.005009
0.004790
0.004564
0.004283
0.004104
0.003952
0.003998
0.004071
0.003966
0.004354
0.004383
0.004717
0.004616
0.004560
0.004520
0.004374
0.004370
0.004521
0.004559
0.004703
0.004498
0.004558
0.004623
0.004622
0.004512
0.004554
0.004419
0.004457
0.004973
0.004796
0.004505
0.004579
0.004576
0.004602
0.004523
0.004460
0.004524
0.004693
0.004678
0.004748
0.004683
0.004909
0.004842
0.004830
0.004638
0.004538
0.004426
0.004487
0.004434
0.004545
0.004495
0.004636
0.004651
0.004573
0.004426
0.005235
0.004542
0.004540
0.004717
0.004413
0.004768
0.004647
0.004630
0.004458
0.004578
0.004612
0.004391
0.004569
0.004303
0.004413
0.004746
0.004639
0.004886
0.004459
0.004574
0.004664
0.004449
0.004660
0.004752
0.004881
0.004636
0.004440
0.005671
0.004691
0.004391
0.004619
0.004510
0.004522
0.004810
0.004492
0.004582
0.004504
0.004531
0.004506
0.004801
0.004651
0.004514
0.004593
0.004733
0.004712
0.004582
0.004294
0.004515
0.004568
0.004825
0.008425
0.008547
0.008509
0.008373
0.008512
0.008544
0.008513
0.008648
0.008197
0.008323
0.008311
0.011150
0.008461
0.008618
0.008418
0.008282
0.008226
0.008349
0.008450
0.008475
0.004715
0.004573
0.004619
0.004693
0.004664
0.004646
0.004643
0.004468
0.004597
0.004342
0.004761
0.004563
0.004583
0.004984
0.004502
0.004439
0.004674
0.004365
0.004637
0.004602
0.004514
0.004687
0.004520
0.004700
0.004686
0.004612
0.004451
0.004545
0.004425
0.004555
0.004575
0.004493
0.004774
0.004497
0.005223
0.005414
0.005037
0.004696
0.006081
0.004609
0.004577
0.004618
0.004793
0.004635
0.004540
0.004672
0.004552
0.004616
0.004413
0.004489
0.004466
0.004530
0.004577
0.004717
0.004345
0.007304
0.004808
0.004717
0.004650
0.004575
0.004479
0.004596
0.004468
0.004314
0.004667
0.004562
0.004552
0.004910
0.004516
0.004626
0.004637
0.004791
0.004852
0.004737
0.004544
0.004447
0.004991
0.004612
0.004561
0.004510
0.004658
0.004473
0.004598
0.004415
0.004649
0.004624
0.004498
0.004436
0.007339
0.004577
0.004510
0.004691
0.004670
0.004546
0.004563
0.004370
0.004506
0.004685
0.004602
0.004409
0.004554
0.004489
0.004434
0.005924
0.004588
0.004648
0.004520
0.004982
0.004527
0.004488
0.004388
0.004498
0.004540
0.005288
0.004660
0.004452
0.004671
0.004768
0.005684
0.005591
0.004519
0.004249
0.004165
0.004142
0.004059
0.004003
0.003981
0.004004
0.004553
0.004520
0.004884
0.004583
0.004415
0.004505
0.004485
0.004713
0.004548
0.004710
0.004528
0.005924
0.004903
0.004513
0.004770
0.004464
0.004696
0.004699
0.004661
0.004436
0.004656
0.004616
0.004655
0.004385
0.004575
0.004618
0.004433
0.007280
0.004545
0.004543
0.004788
0.004712
0.004493
0.004648
0.004708
