0.008863
0.007967
0.008105
0.007724
0.008064
0.010347
0.010582
0.007954
0.007984
0.008062
0.007778
0.008493
0.008248
0.008311
0.007881
0.007838
0.007993
0.007610
0.008299
0.008051
0.004905
0.004137
0.004106
0.003869
0.004101
0.004128
0.004026
0.004104
0.004128
0.004114
0.003747
0.004249
0.004144
0.005464
0.011726
0.004684
0.004281
0.003655
0.003870
0.004910
0.004068
0.004301
0.004040
0.004365
0.004239
0.004010
0.004631
0.004460
0.003653
0.003516
0.003546
0.004891
0.003397
0.003182
0.003324
0.002837
0.003057
0.002989
0.002930
0.002969
0.003127
0.003691
0.003381
0.003347
0.003795
0.003342
0.003433
0.003380
0.003520
0.003701
0.003527
0.003645
0.003486
0.003453
0.003698
0.006797
0.003665
0.003648
0.003714
0.003445
0.003520
0.003376
0.003579
0.003502
0.003377
0.003541
0.003397
0.003722
0.003728
0.003361
0.003384
0.003417
0.003380
0.003500
0.003489
0.003412
0.003470
0.003468
0.003368
0.003378
0.003361
0.003499
0.003536
0.003553
0.003296
0.004804
0.003491
0.003608
0.003529
0.003799
0.003407
0.003584
0.003354
0.003545
0.003366
0.003249
0.003405
0.003638
0.003290
0.003396
0.003312
0.003186
0.003462
0.005672
0.003477
0.003428
0.003384
0.003675
0.003364
0.003567
0.003223
0.003209
0.003671
0.003595
0.003593
0.003475
0.003418
0.003248
0.003352
0.003572
0.003398
0.003516
0.003587
0.004925
0.003300
0.003466
0.003374
0.003384
0.003436
0.003354
0.003436
0.003516
0.003192
0.003397
0.003983
0.003480
0.003472
0.003618
0.003526
0.003622
0.003629
0.003565
0.004465
0.003601
0.003510
0.003486
0.003335
0.003290
0.003495
0.003409
0.003419
0.003511
0.003569
0.003543
0.003511
0.003468
0.003473
0.003598
0.003652
0.003369
0.003477
0.003569
0.003508
0.003612
0.003428
0.003560
0.003239
0.003343
0.003399
0.003610
0.003357
0.003290
0.003236
0.003589
0.003290
0.003218
0.003494
0.003369
0.003628
0.003495
0.003352
0.003825
0.003400
0.003591
0.003688
0.003463
0.003480
0.003443
0.003456
0.003425
0.003423
0.003417
0.003740
0.003240
0.003363
0.003911
0.003490
0.003405
0.003707
0.003258
0.003486
0.003401
0.003402
0.003367
0.003631
0.003583
0.003433
0.003514
0.003285
0.003646
0.003399
0.003442
0.003385
0.003222
0.003583
0.004168
0.003741
0.003385
0.003495
0.003333
0.003440
0.003329
0.003760
0.003398
0.003349
0.003471
0.003465
0.003543
0.003438
0.003364
0.003337
0.003382
0.003677
0.003569
0.003462
0.003567
0.003558
0.003448
0.003346
0.003438
0.003608
0.003453
0.003369
0.003315
0.003569
0.003343
0.003421
0.003447
0.003375
0.003346
0.006180
0.003439
0.003500
0.003381
0.003227
0.003237
0.003409
0.003442
0.003408
0.003660
0.003490
0.003655
0.003276
0.003291
0.003542
0.003414
0.003358
0.003379
0.005846
0.003309
0.003441
0.003495
0.003410
0.003500
0.003564
0.003459
0.003470
0.003678
0.003516
0.003495
0.003382
0.003631
0.003447
0.003596
0.003203
0.003555
0.003329
0.009115
0.003467
0.003204
0.003047
0.002940
0.003010
0.002923
0.002800
0.002918
0.002828
0.002777
0.003584
0.003464
0.003620
0.003440
0.003620
0.003467
0.003436
0.005829
0.003353
0.003832
0.003403
0.003675
0.003413
0.003270
0.003520
0.003354
0.003435
0.003463
0.003501
0.003251
0.003500
0.003287
0.003614
0.003602
0.003587
0.003553
0.003345
0.003468
0.003416
0.003421
0.003275
0.003588
0.003458
0.003789
0.003404
0.003354
0.003520
0.003423
0.003409
0.003469
0.003510
0.003469
0.006132
0.003660
0.003491
0.003383
0.003280
0.003408
0.003190
0.003275
0.003322
0.003762
0.003376
0.003568
0.003501
0.003319
0.003417
0.003513
0.003506
0.003368
0.005904
0.003673
0.003541
0.003420
0.003374
0.003659
0.003389
0.003537
0.003302
0.003639
0.003415
0.003457
0.003868
0.003193
0.003467
0.003531
0.003603
0.003373
0.003303
0.003785
0.003322
0.003596
0.003269
0.003863
0.003243
0.003445
0.003221
0.003497
0.003495
0.003217
0.003297
0.003269
0.003575
0.003412
0.003190
0.003572
0.003486
0.003406
0.003562
0.004508
0.003980
0.004197
0.003765
0.003361
0.003389
0.003424
0.003429
0.003567
0.003417
0.003525
0.003865
0.003488
0.003483
0.003381
0.003487
0.003488
0.003543
0.003392
0.003515
0.003863
0.003332
0.003487
0.003463
0.003303
0.003226
0.003330
0.004057
0.003433
0.007381
0.007413
0.007220
0.007484
0.007208
0.007386
0.007345
0.007445
0.007374
0.007416
0.007291
0.007340
0.007423
0.007244
0.007285
0.007191
0.007292
0.007421
0.007394
0.007575
0.003717
0.003364
0.003534
0.003546
0.003346
0.003433
0.003664
0.003625
0.003409
0.003294
0.003361
0.003515
0.003486
0.003301
0.003643
0.003671
0.003668
0.003901
0.003191
0.003493
0.003663
0.003377
0.003459
0.003336
0.003485
0.003388
0.003342
0.003456
0.003634
0.003399
0.003542
0.003642
0.003389
0.003498
0.003572
0.004500
0.004117
0.003293
0.003456
0.003366
0.003530
0.003419
0.003462
0.003511
0.003429
0.003465
0.003574
0.003585
0.003513
0.003333
0.003602
0.006235
0.003598
0.003458
0.003382
0.003441
0.003399
0.003563
0.003348
0.003528
0.003718
0.003533
0.003549
0.003498
0.003546
0.003306
0.003387
0.003434
0.003474
0.005835
0.003609
0.003373
0.003320
0.003610
0.003361
0.003189
0.003356
0.003283
0.003636
0.003417
0.003222
0.003414
0.003453
0.003334
0.003411
0.003347
0.003456
0.005663
0.003415
0.003580
0.003531
0.003572
0.003551
0.003455
0.003496
0.003323
0.003632
0.003463
0.003385
0.003306
0.003494
0.003615
0.003150
0.003581
0.003507
0.003416
0.003926
0.004669
0.003680
0.003304
0.002979
0.002911
0.002963
0.003029
0.002773
0.002981
0.002985
0.002829
0.003280
0.003469
0.003386
0.003453
0.003442
0.003233
0.003212
0.004975
0.003592
0.004457
0.004083
0.003696
0.003566
0.003389
0.003449
0.003341
0.003402
0.003619
0.003548
0.003489
0.003699
0.003340
0.003477
0.003426
0.003433
0.004397
0.003599
0.003228
0.003465
0.003660
0.003477
0.003557
0.003289
0.003435
0.003522
0.003401
0.003333
0.003460
0.003505
0.003408
0.003560
0.003689
0.003581
0.003613
0.003639
0.003350
0.003591
0.003250
0.003307
0.003396
0.003551
0.003442
0.003288
0.003799
0.003379
0.003682
0.003597
0.003578
0.003296
0.003287
0.003615
0.005962
0.003510
0.003328
0.003324
0.003782
0.003431
0.003564
0.003265
0.003623
0.003632
0.003195
0.003715
0.003368
0.003296
0.003309
0.003438
0.003441
0.003402
0.003600
0.003586
0.003853
0.003285
0.003598
0.003832
0.003436
0.003505
0.003502
0.003497
0.003446
0.003342
0.003435
0.003468
0.003361
0.003432
0.003393
0.003276
0.003427
0.003739
0.003983
0.004493
0.003617
0.003527
0.003439
0.003662
0.003510
0.003444
0.003345
0.003698
0.003431
0.003349
0.003413
0.003405
0.003388
0.003329
0.003392
0.003724
0.003818
0.003675
0.003420
0.003331
0.003595
0.003495
0.003594
0.003488
0.003342
0.003524
0.003371
0.003472
0.003543
0.003753
0.003560
0.003395
0.003494
0.003325
0.003599
0.003527
0.003623
0.003461
0.003493
0.003287
0.003452
0.003413
0.003707
0.003482
0.003413
0.003371
0.003476
0.003289
0.003319
0.003388
0.003471
0.003493
0.005219
0.003621
0.003480
0.003638
0.003603
0.003588
0.003567
0.003287
0.003390
0.003492
0.003684
0.003455
0.003272
0.003162
0.003320
0.003493
0.003329
0.003446
0.003215
0.003445
0.003619
0.003613
0.003571
0.003406
0.003528
0.003572
0.003429
0.003501
0.003469
0.003502
0.003397
0.003522
0.003364
0.003707
0.003724
0.003352
0.003350
0.003525
0.003807
0.003985
0.003858
0.003570
0.003431
0.003599
0.003374
0.003354
0.003585
0.003428
0.003507
0.003735
0.003554
0.003524
0.003568
0.003351
0.003386
0.003368
0.003395
0.003574
0.003459
0.003428
0.003624
0.003587
0.003362
0.003522
0.003399
0.003702
0.003366
0.003428
0.003275
0.003357
0.003619
0.003435
0.003449
0.003247
0.003709
0.003499
0.003416
0.003521
0.003613
0.003858
0.003489
0.003357
0.003534
0.003619
0.003590
0.003441
0.003559
0.003345
0.003464
0.003790
0.003566
0.003318
0.003446
0.003640
0.003380
0.003592
0.003651
0.003640
0.003286
0.003527
0.003406
0.003530
0.003427
0.003282
0.003306
0.003528
0.003411
0.003390
0.003256
0.003537
0.003435
0.003522
0.004461
0.005772
0.004033
0.004172
0.003573
0.003406
0.003424
0.003302
0.003789
0.003313
0.003621
0.003174
0.003423
0.003476
0.003530
0.003369
0.003456
0.003343
0.003715
0.004393
0.004093
0.004272
0.003228
0.003526
0.003353
0.003339
0.003537
0.003307
0.003583
0.003487
0.003574
0.003520
0.003405
0.003562
0.003819
0.003738
0.003509
0.003531
0.003593
0.003352
0.003542
0.003313
0.003489
0.003604
0.003611
0.003480
0.003429
0.004036
0.003705
0.007374
0.007165
0.007385
0.007339
0.007305
0.007418
0.007206
0.007149
0.007015
0.007370
0.007225
0.007522
0.007464
0.007317
0.007288
0.009772
0.007481
0.007264
0.007436
0.007288
0.003349
0.003309
0.003473
0.003250
0.003260
0.003298
0.003486
0.003649
0.003418
0.003432
0.003620
0.003358
0.003741
0.003558
0.003581
0.003548
0.003496
0.003612
0.003333
0.003501
0.003603
0.003629
0.003438
0.003295
0.003444
0.003411
0.003339
0.003325
0.003532
0.003341
0.004028
0.003711
0.003768
0.004251
0.003570
0.003957
0.003356
0.003447
0.003411
0.003454
0.003458
0.003541
0.003637
0.003589
0.003714
0.003423
0.003446
0.003250
0.003610
0.003630
0.003646
0.003563
0.003347
0.003718
0.003628
0.003742
0.003212
0.003551
0.003346
0.003540
0.003337
0.003365
0.003682
0.003546
0.003507
0.003518
0.003503
0.003480
0.003208
0.003564
0.003293
0.003253
0.003441
0.003521
0.003459
0.003339
0.003499
0.003597
0.003550
0.003335
0.003351
0.003222
