0.008265
0.007523
0.007049
0.007694
0.007087
0.007208
0.006872
0.007260
0.006968
0.007214
0.007141
0.006873
0.007034
0.009212
0.007088
0.007165
0.007552
0.007193
-1
0.007382
0.007471
0.003161
0.003369
0.003105
0.002768
0.003122
0.002820
0.002765
0.002604
0.003001
0.002676
0.002895
-1
-1
0.003035
0.003037
0.002927
0.002936
0.002846
0.002877
0.002550
-1
0.002968
0.002896
0.002644
0.005450
0.002740
0.002769
0.002704
0.002966
0.002946
-1
0.003105
-1
0.002879
0.002711
0.002819
0.002898
-1
0.002887
0.002804
0.002915
0.002969
0.002833
0.002796
0.002769
0.002777
0.002582
0.002784
0.002862
0.002753
-1
0.006496
0.002693
-1
0.002710
-1
0.002427
0.002146
0.002285
0.002345
0.002104
0.002182
-1
0.002738
0.002561
0.002768
0.002801
0.002969
0.002970
0.002646
0.002965
0.002472
0.002882
-1
0.005292
0.003195
0.002797
0.002886
0.002810
0.002679
0.002779
0.002730
0.002866
0.002756
0.002577
0.011323
0.003658
-1
0.003638
0.003505
0.003863
0.005392
0.002991
0.002582
0.002801
0.002779
-1
0.003039
-1
0.002806
0.002906
0.002767
0.002667
0.002902
0.002879
0.002771
-1
0.005700
0.002736
0.002779
0.002883
0.002661
0.002773
0.002719
-1
0.002812
0.002880
0.002807
0.002697
0.002703
0.002902
0.002755
0.002802
0.002921
0.002858
0.002984
-1
0.002781
0.002950
0.002772
0.002655
0.002692
0.002650
0.003253
-1
0.002700
0.002863
0.002759
0.002603
-1
0.003892
0.006049
0.002879
0.002771
0.002603
0.002552
0.002761
0.002711
0.002691
0.002781
0.002667
0.002685
-1
0.002814
0.002858
0.002830
-1
0.002827
0.005332
0.002921
0.002678
0.002808
0.002750
0.002924
0.002863
0.002757
-1
0.002650
0.003043
0.002685
-1
0.002752
0.002667
0.002809
0.002815
0.002693
-1
0.002920
0.002892
0.002914
0.002811
0.002638
0.002740
0.002712
0.002972
0.002806
-1
-1
0.002942
0.002567
0.002794
0.002863
-1
0.003007
0.002869
-1
0.002750
-1
0.002641
0.002727
0.002734
0.002738
0.002798
-1
0.003044
0.002818
0.002804
0.002719
0.006489
0.002717
-1
-1
0.002774
-1
0.002606
0.002636
-1
0.002675
-1
-1
0.003759
-1
-1
0.003646
-1
0.003467
0.002522
0.002650
0.002737
0.002655
0.002742
0.003003
0.002734
0.002679
0.002618
0.002663
0.002712
-1
-1
-1
0.002945
-1
0.002971
0.002689
0.002797
0.002777
0.002797
0.002971
-1
0.003004
0.002896
0.002712
0.002759
0.002773
0.002730
-1
0.002836
-1
0.002715
0.002747
0.002986
0.002828
0.002755
0.002804
0.002881
0.002777
0.002681
0.003039
0.002825
0.002700
0.002711
0.004892
0.002975
-1
0.002748
0.002749
0.002963
0.002642
0.002768
0.002767
0.002737
0.002825
0.002890
-1
0.003056
0.002756
0.002692
0.002710
0.005516
0.002782
0.002593
0.002580
0.002785
0.002534
0.002729
0.002708
0.002683
0.002729
0.002574
0.002663
-1
0.002772
0.002927
0.003786
0.003346
0.002957
-1
0.003289
0.002878
-1
0.002846
0.002923
-1
-1
0.002850
0.002985
0.002805
0.002588
0.003013
0.002848
0.002675
0.002460
0.002868
-1
0.002713
-1
0.002802
0.002833
0.002621
0.002743
-1
0.003686
-1
0.003458
0.003419
0.002697
0.002659
0.005897
0.003235
-1
0.002700
0.002791
0.003005
0.002803
0.002687
0.003131
-1
0.002786
-1
0.002909
0.002852
0.002709
0.002733
0.002921
0.002920
0.002860
0.002688
-1
0.002673
0.002812
0.002708
0.002807
0.002561
0.002729
0.002862
0.002672
0.002992
0.003092
0.002849
0.002795
0.009599
0.002789
0.002730
0.002879
0.002866
0.002769
0.002656
-1
0.002984
0.002706
0.002868
0.003014
0.002896
0.002758
0.002740
0.002556
0.002846
0.003563
0.002850
0.002503
0.005690
0.002915
0.007504
0.007297
-1
0.006513
0.006537
0.006645
0.006506
0.006535
0.006507
0.006671
0.006587
-1
0.007116
0.006805
0.006721
0.006613
0.006721
0.006751
0.006536
-1
0.006509
0.006409
0.006662
0.002657
0.005371
-1
0.002877
0.003017
0.002754
0.003002
0.002793
0.002816
0.002948
0.002772
-1
0.002752
-1
0.003003
0.002756
0.002845
0.005188
0.002888
0.002591
0.002773
0.002860
0.002781
-1
0.002742
-1
0.002908
0.002932
0.002983
0.003243
0.002913
0.002750
0.002702
0.002739
0.005409
-1
0.002744
0.003544
0.002920
0.002829
0.002865
0.002860
0.002585
0.002741
0.002810
0.002719
0.002872
0.002663
0.003835
-1
0.006328
0.002828
0.002658
0.002778
0.002895
0.002875
-1
0.002586
0.002827
0.002806
-1
-1
0.002712
0.002845
0.002529
0.002838
0.005322
0.002851
0.002806
0.002817
-1
0.002842
0.002876
0.002806
0.002633
0.002880
0.002624
0.002666
0.003388
0.002810
0.002309
0.003060
0.002737
0.002643
0.002568
0.003033
0.002644
-1
0.002681
0.002898
0.002842
-1
0.002895
0.002794
0.002948
0.002798
-1
0.002968
0.002812
-1
0.002805
0.002841
-1
-1
0.002767
0.002763
0.002641
0.002676
0.002626
0.002920
0.003074
-1
0.002796
0.002777
0.002794
0.002830
0.002670
0.005638
0.002861
0.002756
0.002884
0.002589
0.002726
0.002799
0.002549
-1
0.002809
0.002882
0.002772
0.002870
0.002695
0.002792
0.003613
0.003390
0.003503
0.004290
0.003592
0.002684
0.003039
0.002814
0.002950
0.002889
0.002936
-1
0.002753
0.002628
0.002933
0.002849
-1
0.002861
0.002650
0.002849
0.005521
0.002998
0.003073
0.002679
0.002841
0.002674
-1
-1
0.002930
0.003047
0.003865
0.004111
0.002811
0.002867
0.002768
0.002779
0.002836
0.003583
0.003012
0.002855
0.002820
0.002649
0.002590
0.002649
0.002832
-1
0.002785
-1
-1
-1
0.003019
0.002760
0.005492
0.002832
0.002943
0.002722
0.002882
0.002704
0.002615
0.003191
0.002576
-1
0.002923
0.002918
0.002764
0.002834
0.002874
0.002803
0.002847
0.002889
0.002914
0.002845
0.002828
0.002840
-1
-1
0.002778
-1
0.002894
0.002930
0.002670
0.002666
-1
0.003708
0.003166
0.006083
0.003325
0.003703
-1
0.003635
-1
0.003284
0.003146
0.003276
0.003521
0.002894
0.003008
0.002883
0.002776
0.002605
0.002799
0.002803
0.002957
-1
-1
0.002857
-1
0.002816
0.002931
0.002937
0.002754
0.002638
0.002746
0.002739
-1
0.002850
0.002822
-1
0.003188
0.002876
0.002975
0.002799
0.002728
0.002873
-1
0.002831
0.002568
0.002739
-1
0.002849
0.002801
0.002597
0.002753
0.002818
0.005831
0.002815
0.002898
0.002584
0.002636
0.002687
0.002867
0.002884
-1
0.002972
0.002831
0.002710
0.002911
-1
0.003035
0.002832
0.002831
0.005435
0.002939
0.002834
0.002817
0.002702
0.002529
0.002759
0.002829
0.002617
0.002881
0.002595
-1
0.002651
0.002753
0.002973
0.003814
0.003356
0.002730
0.005594
0.002825
-1
0.002867
0.002852
0.002954
0.002901
0.002888
0.002823
0.002756
0.002846
0.002861
0.002668
-1
0.002800
-1
0.005344
0.003003
0.002965
-1
0.002672
0.002931
0.002804
0.002633
0.002669
0.002712
0.002627
0.002952
0.002688
-1
-1
0.002729
-1
0.003227
0.003370
0.002705
0.003065
0.002915
-1
-1
-1
0.002628
0.002691
0.003029
0.002876
0.002796
0.002679
0.002816
-1
-1
0.002944
0.003216
0.003060
0.002686
0.002702
0.002563
-1
0.002859
0.002748
0.002768
0.002757
0.002743
0.002780
0.002812
-1
0.002834
0.002812
-1
0.003011
0.002638
-1
-1
0.002896
0.002861
0.002948
-1
0.003772
0.003219
0.002776
0.005367
0.002921
-1
-1
0.006667
0.006789
0.006640
0.006691
0.006595
0.006955
0.006726
0.006387
0.006769
0.006747
-1
0.006850
0.006487
0.006705
0.006476
0.006742
0.009461
0.007624
0.006626
0.006338
0.006060
0.002160
0.002422
0.002372
0.002289
0.002266
-1
0.003009
0.002960
0.002920
0.002726
0.002915
0.002898
0.002805
0.003042
0.002956
-1
0.002821
0.002603
0.002791
0.003088
0.002973
0.002909
0.002706
0.002665
0.002897
0.002666
0.002760
0.002969
0.002806
-1
0.002836
0.002994
-1
0.003046
0.002816
0.002682
0.002783
0.002683
0.002790
0.002842
0.002976
0.002979
-1
0.002837
0.003033
-1
-1
0.002988
0.003037
0.003580
0.002836
0.002878
0.005309
0.002807
0.002571
0.002750
0.002944
-1
0.003089
0.002883
0.002741
0.002884
0.002830
0.002855
0.002775
0.002760
0.002776
0.002817
0.002635
0.002692
0.005505
-1
-1
0.002955
-1
0.002715
0.002664
-1
0.002940
0.002780
0.003494
0.002643
0.003041
0.002777
-1
0.003067
-1
0.002745
0.003026
0.002661
0.002706
0.002856
0.002959
0.002893
0.002813
0.002715
-1
0.002956
0.002955
0.002719
-1
-1
0.003058
0.003481
0.002788
0.003050
0.002893
0.002764
0.002666
0.002994
0.002881
0.003035
0.002608
0.002889
0.002651
0.002717
0.002903
0.002804
0.002760
0.002755
0.002879
0.002787
0.002746
0.002601
0.002766
0.002542
0.002759
0.002906
0.002629
0.002630
0.002858
0.002580
0.002878
0.002832
0.002878
0.002733
0.003792
-1
0.005759
0.002612
0.002629
0.002898
0.002772
-1
0.002915
0.002940
-1
-1
-1
0.002854
0.002703
0.002794
-1
0.002859
0.002860
0.002896
0.002863
0.002870
0.002870
