0.009061
0.007190
0.007281
0.006706
0.006898
0.006701
0.006593
0.006674
-1
0.006609
0.006588
0.006963
-1
0.006745
0.006729
0.006719
0.006674
0.006889
0.006522
0.006752
0.006681
0.006551
0.002868
0.002698
0.002903
0.002856
0.002868
0.002972
0.002845
0.002809
0.002929
0.002632
0.002796
0.002708
0.002766
0.002859
0.002805
0.002840
0.002831
0.002687
0.002742
0.002722
0.002908
0.002744
0.002773
0.002927
0.003090
0.003657
0.003819
0.003060
0.002858
0.002941
0.002836
0.002879
0.002790
0.002727
0.002850
0.002904
0.002986
0.002820
0.002917
0.002757
0.002739
0.003009
0.002855
0.002939
0.002791
0.002686
0.002875
0.003076
0.002733
0.002946
0.002640
0.002763
0.002695
0.002708
0.002812
0.002937
0.002616
-1
0.004105
0.005780
0.002612
0.002600
0.002787
0.002841
0.002555
0.002708
0.002127
0.002301
0.002149
0.002377
0.002211
0.002301
0.002338
0.002153
0.002318
0.002254
0.002732
0.002771
0.002655
0.002804
0.002981
0.002878
0.002824
0.002792
0.002874
0.002757
0.002651
0.002846
0.002721
0.003005
0.002693
0.003161
-1
0.002956
0.002655
0.002815
0.002898
0.002644
0.002662
0.002928
0.002947
0.002649
-1
0.002988
0.002764
0.002867
0.002811
0.002898
0.004015
0.003870
0.002209
0.002342
0.002301
0.002232
0.002549
0.002434
0.002402
0.002206
0.002280
0.002332
0.002255
0.002178
0.002957
0.002716
0.002923
0.002690
0.002821
0.002838
0.002845
0.002725
0.002830
0.002781
0.002851
0.002787
0.002804
0.002737
0.002887
0.002733
0.003063
0.002813
0.002895
0.002886
0.003040
0.002616
0.002924
0.002834
0.002747
0.002555
0.002514
0.002832
0.002805
0.002902
0.002878
0.002638
0.002700
0.002832
0.002870
0.002796
0.002836
0.002866
0.002866
0.003520
0.003312
0.002701
0.002918
0.002698
0.002614
0.002832
0.002639
0.002810
0.002881
0.002848
0.002823
0.002710
0.002901
0.002782
0.002766
0.002870
0.003042
0.002671
0.002681
0.002766
0.003037
0.002915
0.002686
0.002667
0.002882
0.002788
0.002742
0.002895
0.002823
0.002947
0.002817
0.002735
0.002768
0.002827
0.002881
0.002815
0.002690
0.002906
0.002717
0.003360
0.002732
0.002669
0.002790
0.003021
0.002634
0.002865
0.002764
0.002995
0.002940
0.002754
0.002653
0.002758
0.002621
0.002649
0.003845
0.002875
0.002918
0.002863
0.002809
0.002675
0.002893
0.002698
0.003047
0.002671
0.002811
0.002996
0.002881
0.002834
0.002651
0.003057
0.003021
0.002586
0.002877
0.005348
0.002990
0.002837
0.002935
0.003007
0.002707
0.002664
0.002909
0.002886
0.002713
0.002999
0.002970
0.002824
0.002833
0.002824
0.002856
0.002758
0.002744
0.002693
-1
0.003016
-1
0.003504
0.003435
0.003170
0.002827
0.002958
0.003266
0.002858
0.002894
0.002854
-1
0.002968
0.002749
0.002855
0.002882
0.002901
0.002877
0.002750
0.002858
0.003740
-1
0.002940
0.002681
0.002765
0.002867
0.002882
0.002779
0.002822
0.002598
0.002781
0.002767
0.002750
0.002828
0.002822
0.003013
0.002839
0.002746
0.003120
0.002810
0.002940
0.002890
0.002706
0.002624
0.002669
0.002821
-1
0.002715
0.002661
0.002797
0.002798
0.002732
0.002625
0.002890
0.003071
0.002585
0.002727
0.002960
0.002659
0.002819
0.002784
0.002851
0.003400
0.002778
0.002906
0.002768
0.002692
0.002847
0.002789
0.003075
0.002717
0.002753
0.003202
0.002963
0.002806
0.002876
0.002735
0.002640
-1
0.002942
0.002738
0.002757
0.002843
0.002742
0.002708
0.002711
0.002692
0.002942
0.002990
0.002557
0.002729
0.002974
0.003086
-1
0.003535
0.003484
0.002655
0.002959
0.002707
0.002709
0.002963
0.002696
0.003007
0.002743
0.002792
0.002934
0.002786
-1
0.002770
0.003046
0.002752
0.002833
0.002664
0.002714
0.002745
0.002776
0.002899
-1
0.002748
0.002863
0.002957
0.002768
0.002813
-1
0.002832
0.002745
0.002779
0.002903
0.002755
0.004072
0.002832
0.003173
0.002932
0.002796
0.002787
0.002720
0.003143
0.003867
0.003776
-1
0.003594
0.003387
0.002822
0.002679
0.002747
0.002911
0.002753
0.002848
0.002871
-1
0.002696
0.002833
0.002558
0.002768
0.002688
0.002855
0.002849
0.002869
0.002788
0.003024
0.002991
0.002809
0.002825
0.002890
0.002958
0.002882
0.002835
0.002686
0.002825
0.002675
0.002828
0.002944
0.002987
0.003164
0.003172
0.002954
0.002839
0.002856
0.002910
0.002737
0.002771
0.002712
0.003036
0.003018
0.003075
0.003116
0.003353
0.007477
0.006584
0.006642
0.006608
0.006465
0.006945
0.006464
0.006655
0.006727
0.008921
0.006527
0.006533
0.006654
0.006564
0.007041
0.006946
0.006573
0.006727
0.006686
0.006562
0.002697
-1
0.002949
0.002845
0.002951
0.002978
0.002845
0.003060
0.002784
0.003065
0.002642
0.002882
0.002790
0.002772
0.003119
0.002806
0.002683
0.002749
0.002782
0.002779
-1
0.003083
0.002835
0.002764
0.003346
0.002889
0.002850
0.002818
0.003019
0.003036
0.003213
0.002629
0.002658
0.002716
0.002789
0.002695
0.002918
0.002650
-1
0.003012
0.003038
0.002767
-1
0.002834
0.002694
0.002743
0.002964
0.002942
0.002879
0.002967
0.002840
0.002909
0.002568
0.002753
0.002889
0.002751
0.002858
0.002904
0.002981
0.002902
0.002863
0.002659
0.003804
0.003734
0.003460
0.002991
0.003034
0.003057
0.002813
0.002815
0.002853
0.002994
0.002768
0.002949
0.002846
0.002866
0.002899
0.002779
0.003016
0.002869
0.002672
0.002961
0.002800
0.002679
0.002888
0.002961
0.002700
0.002837
0.002966
0.002846
0.002791
0.002913
0.002724
0.002993
0.002826
0.002817
0.002879
0.002803
0.003053
0.002903
0.002958
0.003286
0.002774
0.002781
0.002802
0.002723
0.002630
-1
0.002654
0.002786
-1
0.002937
0.002640
0.002839
0.003009
0.002825
0.002742
0.003166
0.003225
0.002810
0.002799
0.002818
-1
0.002944
0.002888
0.002684
0.002598
0.002943
0.002839
0.002743
0.002829
0.002773
0.002717
0.002796
0.002681
0.002758
0.002808
0.002994
0.002933
0.003113
0.003048
0.003073
0.002872
0.002718
0.002935
0.002810
0.002942
0.002696
0.002764
0.002940
0.002750
0.003817
0.002794
0.003014
0.002684
0.002709
0.003343
0.003327
0.002577
0.002865
0.002657
0.002754
0.002800
0.002655
0.002807
0.002834
0.002894
0.002925
0.002920
0.002769
0.002883
0.003036
0.002763
0.002746
0.002937
0.002717
0.002654
0.002752
0.002813
0.002893
0.002749
0.002657
0.002836
0.002793
0.002738
-1
0.002706
-1
0.002647
0.002867
0.003043
0.002936
0.002538
0.002949
0.002608
0.002723
0.002688
0.002781
0.002584
0.002977
0.003703
0.002380
0.002300
0.002582
0.002250
0.001959
0.002085
0.001957
0.002166
0.002494
0.002286
0.002278
0.002150
0.002796
0.002591
0.003029
0.002739
0.002543
0.002772
0.002710
0.002717
0.002837
0.002790
0.002677
0.002670
0.002830
0.003189
0.002820
0.002687
0.002980
0.002902
0.002597
0.002903
0.002680
0.002907
0.002872
0.002772
0.002944
0.003024
0.002961
0.002860
0.002844
0.002632
0.002816
0.002925
0.002744
0.002989
0.005008
0.002838
0.002759
0.002718
0.002693
0.002963
0.002818
0.002817
0.002705
0.002835
0.002886
-1
0.002808
0.002669
0.002748
0.002811
0.002834
0.002915
0.005577
0.003001
0.002956
0.002781
0.002895
0.002918
0.002719
0.002816
-1
0.002942
0.002902
0.002850
0.002905
0.002678
-1
0.003055
0.002697
-1
0.002950
0.004061
0.002914
0.002679
0.002908
0.002796
0.003018
0.002682
0.002941
0.002900
-1
0.002812
0.002672
0.002800
0.002890
0.002753
0.002886
0.003008
0.002789
0.002717
0.002847
0.003156
0.002726
0.002758
0.002759
0.002735
0.002576
0.002835
0.002704
0.002627
0.002777
0.002851
0.002583
0.002861
0.002599
0.002876
0.002870
0.002766
0.002777
0.002798
0.002728
0.002859
0.002797
0.002847
0.002682
0.002626
0.002698
0.002757
0.002974
0.002714
0.002928
0.002685
0.002976
0.002822
0.002871
0.005148
0.003142
0.002852
0.002665
0.002922
0.003726
0.003226
0.002492
0.002635
0.002565
0.002831
0.002902
0.002742
0.002791
0.002832
0.002543
0.002673
0.002630
0.002848
0.002890
0.002816
0.002830
0.002949
0.002812
0.002851
0.002853
0.002887
0.002751
0.002960
0.003227
0.002876
0.002813
0.002851
0.002806
0.002678
0.002768
0.002834
0.002748
0.002805
0.002880
0.002804
0.002661
0.002800
0.002711
0.002690
0.002857
0.002893
0.002722
0.002593
0.002632
0.002710
0.002642
0.002719
0.002782
0.002993
0.002915
0.002763
0.002838
0.002745
0.002972
0.002965
0.002881
0.002720
0.003075
0.002864
0.002841
-1
0.002774
0.002789
0.002761
0.002890
0.002684
0.002766
0.002711
0.003223
0.002709
0.002900
0.002989
0.003197
0.002915
0.002847
0.002900
0.002823
0.002797
0.002545
0.002724
0.002752
0.002983
0.002908
0.002831
0.002868
0.002588
0.002855
0.002812
0.002738
0.002682
0.003463
0.002814
0.002895
0.002997
0.002854
0.003404
0.003666
0.003299
0.006715
0.006706
0.006499
0.006593
0.006656
0.006919
0.006670
-1
0.006946
0.006574
0.006729
0.006619
0.006755
0.006553
0.006678
0.006653
0.006528
0.006732
0.006435
0.006637
0.006721
0.004601
0.002890
0.002744
0.002704
0.002661
0.002811
0.002991
0.002935
0.002707
0.002867
0.002948
0.003853
-1
0.002867
0.002619
0.002620
0.002336
0.002232
0.002330
0.002331
0.002146
0.002391
0.002471
0.003303
0.002473
0.002974
0.002775
0.002736
0.002643
0.002793
0.002959
0.002774
0.002935
0.002641
0.002822
0.002770
0.002896
0.002851
0.002867
0.002792
0.002960
0.002968
0.002736
0.002917
-1
0.003224
0.002831
0.002661
0.003003
0.002841
0.002715
0.002758
0.003112
