0.009421
0.011190
0.009021
0.008362
0.007571
0.008167
0.009041
0.008891
0.007598
0.007239
0.008062
0.007858
0.007884
0.007908
0.007485
0.007763
0.008991
0.010681
0.008765
0.007958
0.004056
0.004896
0.004460
0.008926
0.003774
0.003899
0.004015
0.003352
0.003216
0.005368
0.003038
0.003261
0.003199
0.003246
0.006320
0.003223
0.003709
0.005763
0.003491
0.004983
0.003623
0.006041
0.003484
0.003569
0.005817
0.003536
0.003630
0.005653
0.003747
0.003596
0.005445
0.003696
0.003496
0.005713
0.003553
0.003583
0.005771
0.003386
0.003625
0.005389
0.003586
0.003577
0.005778
0.003670
0.003586
0.004040
0.005411
0.003677
0.003559
0.005958
0.003486
0.003554
0.005630
0.003727
0.003420
0.007806
0.003443
0.003886
0.003565
0.003711
0.003539
0.003621
0.003573
0.003619
0.003517
0.003460
0.003544
0.003682
0.005598
0.003850
0.003494
0.005406
0.003667
0.003381
0.005206
0.003452
0.003658
0.003499
0.005377
0.003603
0.006274
0.003542
0.003524
0.005388
0.003660
0.003613
0.005625
0.003543
0.003619
0.005553
0.003633
0.003575
0.005994
0.003538
0.003631
0.005720
0.003567
0.003448
0.005534
0.003681
0.003694
0.003624
0.005872
0.003530
0.003842
0.003599
0.003691
0.003520
0.003594
0.003481
0.003592
0.003551
0.003473
0.003653
0.003585
0.003535
0.003565
0.005599
0.003877
0.003959
0.004037
0.005848
0.003664
0.004171
0.004790
0.006359
0.004706
0.004394
0.004697
0.003820
0.005600
0.003932
0.003818
0.004063
0.005756
0.003766
0.004549
0.003925
0.006583
0.003972
0.003841
0.003757
0.004021
0.004042
0.003937
0.004020
0.004033
0.003760
0.003763
0.004045
0.005702
0.003950
0.004046
0.004269
0.005349
0.003989
0.003908
0.003998
0.003935
0.003754
0.003638
0.004049
0.005434
0.003726
0.003881
0.004015
0.005263
0.003976
0.004002
0.003745
0.005847
0.003907
0.004351
0.003925
0.005368
0.003853
0.003759
0.004051
0.005628
0.004004
0.003627
0.004926
0.004797
0.004950
0.005333
0.003996
0.003809
0.003958
0.003798
0.003786
0.003999
0.003711
0.003782
0.003907
0.005857
0.004181
0.003812
0.003771
0.003913
0.003859
0.003780
0.003903
0.005631
0.003800
0.004455
0.003803
0.006103
0.003639
0.003438
0.005497
0.003864
0.003459
0.003840
0.005254
0.003583
0.003631
0.007912
0.003709
0.003909
0.003891
0.003748
0.003732
0.003835
0.003571
0.003516
0.003961
0.005369
0.003937
0.003829
0.003732
0.005541
0.003911
0.003985
0.005379
0.004565
0.003763
0.003639
0.005631
0.003662
0.003487
0.003474
0.005862
0.003517
0.003456
0.005773
0.003290
0.003482
0.005442
0.003951
0.003817
0.003992
0.007177
0.003829
0.004247
0.003945
0.005788
0.003869
0.003937
0.004054
0.005407
0.004096
0.003978
0.003635
0.005961
0.008674
0.007936
0.007896
0.007874
0.007734
0.007347
0.007992
0.007317
0.008139
0.008979
0.008322
0.007831
0.007640
0.007323
0.007887
0.007970
0.007862
0.007917
0.009253
0.008782
0.003872
0.003850
0.003664
0.005713
0.003956
0.003917
0.004475
0.004466
0.004805
0.004478
0.004660
0.004890
0.003976
0.003908
0.003990
0.003839
0.003638
0.003763
0.004067
0.003881
0.003768
0.005670
0.004171
0.003630
0.003939
0.005465
0.003867
0.004002
0.003835
0.005410
0.003851
0.003832
0.003778
0.006438
0.003908
0.003940
0.003921
0.005834
0.003708
0.003606
0.003349
0.011764
0.003516
0.005496
0.003917
0.003536
0.003850
0.005228
0.003710
0.003518
0.005627
0.004331
0.004302
0.003692
0.008163
0.003976
0.004147
0.003959
0.004004
0.003829
0.004067
0.004012
0.005317
0.003928
0.003887
0.004016
0.004048
0.005653
0.004049
0.003903
0.003927
0.006082
0.003988
0.003876
0.003805
0.003677
0.003928
0.003874
0.006332
0.003862
0.003976
0.003959
0.005708
0.003857
0.004206
0.003803
0.005846
0.003869
0.004118
0.004097
0.004286
0.003998
0.004064
0.004074
0.005632
0.003923
0.003844
0.003929
0.005196
0.003711
0.003607
0.004212
0.003918
0.004030
0.003868
0.003866
0.003934
0.003865
0.003820
0.005397
0.003794
0.004058
0.003894
0.004072
0.005498
0.003413
0.003780
0.003964
0.003722
0.004450
0.005574
0.004211
0.005012
0.004481
0.005049
0.004357
0.004347
0.005686
0.004285
0.004424
0.004514
0.004282
0.005766
0.004099
0.003949
0.004115
0.005590
0.003789
0.004014
0.004147
0.004062
0.003849
0.003888
0.003900
0.004025
0.003691
0.006414
0.004111
0.003954
0.003792
0.004051
0.003919
0.004085
0.003697
0.004167
0.003409
0.004294
0.005247
0.003844
0.006480
0.004486
0.005775
0.004242
0.004397
0.004446
0.003777
0.004231
0.004503
0.004293
0.004642
0.004524
0.004559
0.004007
0.004466
0.004399
0.005373
0.004548
0.003895
0.004711
0.004017
0.004048
0.004642
0.004152
0.003975
0.003789
0.004984
0.003982
0.003965
0.003915
0.005684
0.004006
0.004943
0.003799
0.003422
0.005561
0.003499
0.003621
0.005479
0.003953
0.004057
0.003959
0.005665
0.003660
0.004089
0.004068
0.003816
0.003970
0.003991
0.003962
0.005445
0.003570
0.003875
0.005500
0.003874
0.004234
0.003915
0.003427
0.003833
0.003720
0.005410
0.003898
0.003860
0.003404
0.003510
0.003832
0.005410
0.003998
0.003950
0.003790
0.003783
0.003672
0.003529
0.003768
0.004097
0.003931
0.004495
0.003370
0.005205
0.004812
0.008975
0.004382
0.003927
0.003934
0.005348
0.003912
0.003522
0.005745
0.003902
0.003694
0.004356
0.003668
0.005636
0.003346
0.003819
0.003624
0.003865
0.003420
0.003574
0.003492
0.003673
0.005890
0.003752
0.003791
0.007154
0.007629
0.007611
0.007542
0.007503
0.007441
0.008714
0.008555
0.010658
0.010313
0.008900
0.008629
0.008933
0.008676
0.007853
0.008889
0.007594
0.007779
0.007610
0.007547
0.003727
0.003535
0.003418
0.003433
0.003638
0.003725
0.005765
0.003637
0.003814
0.003617
0.003584
0.003500
0.005379
0.003531
0.003500
0.003301
0.003742
0.003419
0.007985
0.003651
0.003932
0.003683
0.003819
0.003748
0.003699
0.003655
0.003690
0.003597
0.003448
0.005810
0.003473
0.003476
0.005599
0.005543
0.005527
0.003496
0.003600
0.003428
0.003567
0.003716
0.003626
0.003472
0.003563
0.003557
0.005368
0.005306
0.005603
0.003594
0.003707
0.003775
0.003586
0.003438
0.003798
0.003565
0.008087
0.003674
0.003827
0.003741
0.003716
0.003529
0.003682
0.003482
0.003595
0.003739
0.003499
0.003608
0.008205
0.003559
0.003765
0.003909
0.003502
0.003585
0.003771
0.003566
0.003448
0.005692
0.005766
0.003490
0.003621
0.003674
0.005312
0.006361
0.003576
0.003530
0.003513
0.003809
0.005578
0.005836
0.005591
0.003474
0.003600
0.005247
0.003897
0.003538
0.003562
0.003513
0.003985
0.003637
0.003783
0.003548
0.003559
0.003539
0.005538
0.003709
0.003693
0.003676
0.003845
0.003529
0.003872
0.005782
0.004196
0.004053
0.004079
0.008324
0.003902
0.004269
0.004124
0.003982
0.003889
0.005596
0.005887
0.003967
0.003987
0.003997
0.003938
0.003794
0.005442
0.003783
0.003470
0.003406
0.003401
0.003642
0.003374
0.003383
0.003335
0.003238
0.003673
0.007882
0.003796
0.003678
0.003840
0.003712
0.003805
0.003881
0.005624
0.003927
0.003713
0.003581
0.003509
0.003554
0.005268
0.003718
0.003521
0.003687
0.003671
0.003422
0.003379
0.003538
0.003714
0.003613
0.003581
0.003720
0.005090
0.003732
0.003810
0.003520
0.003688
0.003493
0.005367
0.003620
0.003542
0.003590
0.003564
0.007880
0.003719
0.003920
0.003869
0.003718
0.003628
0.003661
0.003531
0.003421
0.006548
0.003563
0.003504
0.006011
0.003562
0.003754
0.003689
0.003565
0.003448
0.005408
0.003636
0.003412
0.003803
0.003753
0.003653
0.003706
0.005470
0.003845
0.003874
0.003479
0.003821
0.013805
0.003590
0.003629
0.003422
0.003436
0.005325
0.003647
0.003893
0.003567
0.003661
0.003354
0.005596
0.003629
0.003515
0.003656
0.003538
0.003495
0.007964
0.003587
0.003797
0.003583
0.003583
0.003875
0.004839
0.003695
0.003669
0.003658
0.003568
0.003622
0.007993
0.003771
0.003589
0.003728
0.003635
0.003738
0.003905
0.003592
0.003570
0.003716
0.003535
0.003470
0.003690
0.005873
0.003718
0.003798
0.003798
0.003571
0.005563
0.003687
0.003641
0.003731
0.003653
0.003579
0.003666
0.005666
0.003771
0.003476
0.003754
0.003551
0.003917
0.003593
0.003611
0.003993
0.003616
0.003639
0.003664
0.004001
0.003799
0.003790
0.003989
0.005867
0.008292
0.007498
0.007712
0.007643
0.007631
0.008365
0.007427
0.007158
0.007414
0.007353
0.007567
0.007568
0.007491
0.007550
0.007447
0.007576
0.007707
0.007549
0.007468
0.007552
0.003381
0.003586
0.003654
0.003709
0.007447
0.003999
0.003182
0.005767
0.003219
0.003330
0.003369
0.003155
0.005492
0.003947
0.003471
0.003623
0.005402
0.003729
0.003666
0.003738
0.003852
0.004289
0.003815
0.004014
0.004125
0.003945
0.003892
0.003806
0.003885
0.004075
0.005748
0.003845
0.004001
0.003803
0.005417
0.003668
0.003878
0.003839
0.005666
0.003965
0.004417
0.003435
0.003774
0.003617
0.003508
0.004253
0.003598
0.004529
0.004330
0.004343
0.004542
0.004471
0.004497
0.003605
0.004291
0.003751
0.003348
0.005579
0.003978
0.003833
0.003557
0.004420
0.003564
0.004933
0.004350
0.003524
0.004335
0.004318
0.003588
0.003856
0.003850
0.005700
0.003904
0.003910
0.003773
0.004077
0.005526
0.003704
0.003614
0.003586
0.003990
0.004012
0.003690
0.003942
0.005549
0.003607
0.003896
0.003496
0.003559
0.003479
0.005526
0.003678
0.003592
0.003681
0.003677
0.003661
0.003531
0.005394
0.003706
0.003750
0.003752
0.003586
0.003701
0.003691
0.003429
0.003607
0.003779
0.003457
0.007844
0.003599
0.003847
0.003601
0.003434
0.003459
0.003705
0.003505
0.003693
0.003749
0.003659
