0.010627
0.009509
0.009502
0.009516
0.009692
0.009592
0.009644
0.009605
0.009560
0.009537
0.009399
0.009250
0.009457
0.009495
0.009347
0.009504
0.009310
0.009586
0.009434
0.009500
0.005393
0.005439
0.006621
0.008457
0.006624
0.007658
0.007797
0.005085
0.004994
0.005205
0.005072
0.005509
0.005099
0.005290
0.006458
0.005414
0.005321
0.005245
0.005167
0.005108
0.005335
0.004981
0.004968
0.005229
0.005643
0.009271
0.005254
0.005292
0.005475
0.005702
0.004977
0.005412
0.005308
0.005010
0.005121
0.005008
0.004979
0.005302
0.005333
0.005605
0.005487
0.005255
0.005184
0.005383
0.005286
0.005239
0.005086
0.005245
0.005405
0.005306
0.005325
0.005185
0.005416
0.005137
0.005254
0.005272
0.005386
0.005486
0.005185
0.005274
0.005157
0.005355
0.005550
0.005244
0.005080
0.005186
0.005310
0.005356
0.005238
0.005194
0.005194
0.005362
0.005251
0.005265
0.005105
0.005214
0.005361
0.005513
0.005792
0.005487
0.005477
0.005267
0.005113
0.005373
0.005478
0.005290
0.005113
0.005426
0.005286
0.005096
0.005279
0.005085
0.005213
0.005279
0.005210
0.005105
0.005178
0.005523
0.005356
0.005115
0.005182
0.005596
0.005247
0.005380
0.005556
0.005809
0.005600
0.005440
0.005381
0.005039
0.005437
0.005097
0.005444
0.005241
0.005308
0.005190
0.005457
0.005339
0.005351
0.005918
0.005175
0.005222
0.005182
0.005132
0.005215
0.005325
0.005484
0.005232
0.005031
0.005501
0.005222
0.005238
0.005144
0.005886
0.005689
0.005844
0.005674
0.005675
0.005741
0.005682
0.005536
0.006866
0.005157
0.005455
0.005481
0.005117
0.005286
0.005599
0.005262
0.005136
0.005094
0.005095
0.005033
0.005211
0.005302
0.005295
0.005306
0.005401
0.005198
0.005261
0.005528
0.005148
0.005242
0.005351
0.005266
0.005326
0.005068
0.005434
0.005315
0.005227
0.005057
0.005188
0.005277
0.005327
0.005155
0.005249
0.005337
0.005751
0.005791
0.005203
0.005157
0.005500
0.005481
0.005315
0.005853
0.005716
0.005749
0.005825
0.005150
0.005620
0.005757
0.005578
0.005378
0.005175
0.005309
0.005149
0.005058
0.006496
0.005934
0.006113
0.006294
0.006255
0.006128
0.005909
0.005638
0.006061
0.005972
0.006217
0.006191
0.006181
0.006085
0.005566
0.005480
0.005269
0.005066
0.005156
0.005179
0.005125
0.005125
0.005074
0.005184
0.005009
0.005678
0.005415
0.005318
0.005429
0.005371
0.005227
0.005652
0.005908
0.009459
0.009424
0.009180
0.009393
0.008958
0.009181
0.009092
0.009190
0.009057
0.008954
0.009277
0.009099
0.009080
0.009023
0.009085
0.009205
0.009135
0.009221
0.009415
0.008980
0.005200
0.005081
0.005012
0.005160
0.005042
0.005091
0.005171
0.005147
0.005136
0.005264
0.006780
0.004958
0.005220
0.005226
0.005188
0.005350
0.005274
0.005134
0.005073
0.004955
0.005099
0.005168
0.005234
0.004876
0.005218
0.005707
0.005325
0.005590
0.005698
0.005510
0.005152
0.005676
0.006521
0.006175
0.005335
0.005813
0.005577
0.005275
0.005374
0.009098
0.005110
0.005128
0.005535
0.005402
0.005247
0.005687
0.005083
0.005602
0.005637
0.005341
0.005226
0.005180
0.005354
0.006960
0.005642
0.005826
0.005855
0.005795
0.005489
0.005740
0.005386
0.005917
0.005407
0.006173
0.005371
0.005817
0.005560
0.005378
0.005409
0.005347
0.005231
0.005290
0.005303
0.005767
0.005394
0.006057
0.005466
0.005112
0.005122
0.005433
0.005163
0.005534
0.005466
0.004924
0.005295
0.005634
0.005381
0.005313
0.005446
0.005417
0.005137
0.005168
0.005090
0.005417
0.005204
0.005329
0.005503
0.005159
0.005221
0.005406
0.005393
0.005293
0.005205
0.005145
0.005098
0.005338
0.005200
0.005288
0.005249
0.005326
0.005348
0.005352
0.005064
0.005066
0.005161
0.005347
0.005312
0.005214
0.005205
0.005197
0.005024
0.005195
0.005168
0.005109
0.005154
0.005151
0.005301
0.005219
0.005108
0.005175
0.005041
0.005223
0.005524
0.005227
0.005409
0.005167
0.005596
0.005247
0.005351
0.005059
0.005192
0.005379
0.005543
0.005362
0.006122
0.005178
0.005814
0.005679
0.005394
0.005518
0.005131
0.005587
0.005517
0.005457
0.005386
0.005495
0.005583
0.005581
0.005303
0.005558
0.005308
0.005362
0.005686
0.005624
0.005326
0.005441
0.005284
0.005512
0.005375
0.005370
0.005255
0.005214
0.005238
0.005049
0.005009
0.005645
0.005710
0.005523
0.005371
0.005292
0.005425
0.005600
0.008764
0.005507
0.005407
0.005528
0.005219
0.005261
0.005313
0.005220
0.005095
0.005328
0.005241
0.005230
0.005151
0.005150
0.005354
0.005611
0.005463
0.005488
0.005570
0.005551
0.005560
0.005432
0.005503
0.005178
0.005484
0.005562
0.005234
0.005216
0.005170
0.005357
0.005347
0.005336
0.005547
0.005239
0.005247
0.005083
0.005299
0.005230
0.005275
0.005422
0.005251
0.005181
0.005317
0.005571
0.005487
0.005301
0.005167
0.005372
0.005167
0.010026
0.009175
0.009141
0.009314
0.009089
0.009151
0.009284
0.008871
0.009322
0.009157
0.009180
0.009141
0.009118
0.009358
0.009129
0.009136
0.009187
0.009249
0.009325
0.009186
0.005338
0.005432
0.005579
0.005657
0.005431
0.005236
0.005241
0.005200
0.005388
0.005290
0.005283
0.005219
0.007608
0.005481
0.005341
0.005100
0.005389
0.005087
0.005288
0.005412
0.005211
0.005260
0.005459
0.005487
0.005429
0.005203
0.005246
0.005188
0.005300
0.005286
0.005260
0.005313
0.005271
0.005898
0.005400
0.005171
0.005265
0.005316
0.005338
0.005186
0.005428
0.005195
0.005092
0.005333
0.005404
0.005310
0.005357
0.005475
0.005322
0.005084
0.005397
0.005401
0.005167
0.005274
0.005284
0.005375
0.005086
0.005219
0.009105
0.005577
0.005196
0.005504
0.005486
0.005243
0.005259
0.005352
0.005157
0.005254
0.005484
0.005370
0.005363
0.005413
0.005629
0.005586
0.005378
0.005216
0.005249
0.005351
0.005326
0.010636
0.005524
0.005634
0.005376
0.005737
0.005692
0.005224
0.005240
0.005329
0.005711
0.005224
0.005595
0.005443
0.005185
0.005204
0.005268
0.005619
0.005647
0.005088
0.005204
0.005488
0.005161
0.005237
0.005502
0.005132
0.005523
0.005225
0.005486
0.005202
0.005315
0.005573
0.005367
0.005350
0.005701
0.005667
0.005068
0.005799
0.005435
0.005745
0.005311
0.005066
0.005117
0.005205
0.005358
0.005300
0.005244
0.005329
0.005262
0.005375
0.005314
0.005313
0.005111
0.005317
0.005111
0.005473
0.005365
0.005233
0.005514
0.005223
0.005383
0.005672
0.005388
0.005303
0.007105
0.005531
0.005165
0.005099
0.005129
0.005123
0.005346
0.005651
0.005816
0.005432
0.005653
0.005829
0.005146
0.005392
0.005405
0.005208
0.005292
0.005426
0.005307
0.005134
0.005219
0.005771
0.005563
0.005162
0.005553
0.005647
0.005652
0.005864
0.005450
0.005537
0.005637
0.005638
0.005569
0.005583
0.005626
0.005788
0.005711
0.005491
0.006065
0.005622
0.005564
0.005916
0.005693
0.005715
0.005766
0.005692
0.005668
0.005838
0.005080
0.005024
0.006055
0.006250
0.006122
0.006044
0.005992
0.006028
0.006187
0.005967
0.005930
0.006280
0.006200
0.006247
0.005555
0.006069
0.006089
0.005374
0.005967
0.005701
0.005914
0.005587
0.005750
0.005352
0.005512
0.005458
0.005191
0.005280
0.005399
0.005651
0.006399
0.005582
0.005848
0.005627
0.005937
0.006105
0.005514
0.006183
-1
0.011572
0.010395
0.010679
0.009350
0.009334
0.009323
0.009527
0.009392
0.009004
0.009362
0.009610
0.009200
0.009261
0.009137
0.009321
0.009263
0.009089
0.009422
0.009181
0.009212
0.005342
0.005421
0.005283
0.005435
0.005443
0.005443
0.005299
0.005397
0.006334
0.005542
0.005670
0.005312
0.005360
0.005303
0.005306
0.005385
0.005388
0.005127
0.006601
0.005378
0.005732
0.005188
0.005333
0.005226
0.005350
0.005273
0.005020
0.005238
0.005272
0.005087
0.005208
0.005398
0.005285
0.005274
0.005107
0.005089
0.005385
0.005240
0.005177
0.005188
0.005169
0.005528
0.005298
0.005337
0.005198
0.005441
0.005315
0.005160
0.005097
0.005238
0.005251
0.005276
0.005365
0.005411
0.005075
0.005095
0.005367
0.005163
0.005331
0.005208
0.005130
0.005427
0.005297
0.005240
0.005382
0.005068
0.005440
0.005309
0.005343
0.005347
0.005525
0.005468
0.005700
0.005444
0.005162
0.005389
0.005025
0.005390
0.005414
0.005343
0.005099
0.005351
0.005440
0.005160
0.005284
0.005142
0.005266
0.005184
0.005210
0.005222
0.005296
0.005138
0.005387
0.005248
0.005278
0.005186
0.005330
0.005428
0.005223
0.005576
0.005199
0.005685
0.005350
0.005413
0.005095
0.005267
0.005265
0.005173
0.005390
0.005250
0.005434
0.005501
0.005196
0.005361
0.005215
0.005263
0.005091
0.005385
0.005206
0.005419
0.005507
0.005280
0.005160
0.005269
0.005287
0.005213
0.005062
0.005608
0.005315
0.005501
0.005608
0.005199
0.005189
0.005330
0.005503
0.005193
0.005363
0.005045
0.005566
0.005549
0.005501
0.005931
0.005684
0.005366
0.005497
0.006184
0.005567
0.005778
0.005450
0.005489
0.005655
0.005818
0.005485
0.006122
0.005159
0.005110
0.005242
0.005235
0.005186
0.005213
0.005019
0.006545
0.006207
0.006124
0.005169
0.005299
0.005341
0.005228
0.005247
0.005438
0.005152
0.005381
0.005487
0.005346
0.005208
0.005239
0.005547
0.005293
0.008301
0.005255
0.005651
0.005954
0.005413
0.005345
0.005349
0.005469
0.005648
0.005510
0.005552
0.005416
0.005300
0.005102
0.005271
0.005139
0.005236
0.005212
0.005265
0.005485
0.005121
0.005327
0.005558
0.005106
0.005503
0.005232
0.005238
0.005142
0.005603
0.005176
0.005046
0.005172
0.005132
0.005397
0.005539
0.005520
0.005621
0.005707
0.005417
0.005218
0.005175
0.005619
0.005223
0.005606
0.005093
0.005353
0.005127
0.005117
0.005057
0.005250
0.005672
0.005536
