0.007196
0.008437
0.007137
0.007864
0.007454
0.006889
0.007012
0.017035
0.012534
0.007088
0.010100
0.010343
0.011494
0.006871
0.016946
0.006722
0.006910
0.006589
0.007691
0.007660
0.002801
0.002536
0.005255
-1
0.002747
0.002962
0.005087
0.002751
0.002745
0.002917
0.003074
0.003535
0.002187
0.003984
0.002660
0.005438
0.002250
0.002417
0.002699
0.002499
0.005368
0.002262
0.002218
0.004328
0.002351
0.005711
0.002313
0.002962
0.003199
0.002935
0.002936
0.003322
0.002788
0.005744
0.003039
0.002784
0.004689
0.005622
0.002723
0.003053
0.004553
0.002344
0.005692
0.002680
0.002824
0.005047
0.002704
0.002705
0.005183
0.002967
0.002838
0.004118
0.002711
0.002923
0.002690
0.002701
0.005279
0.002699
0.002544
0.005088
0.002496
0.002889
0.004570
0.002636
0.002402
0.002607
0.003088
0.005709
0.003058
0.002777
0.004805
0.002464
0.003188
0.005754
0.003346
0.002367
0.005604
0.002675
0.002340
0.004488
0.002704
0.002549
0.004159
0.002612
0.002612
0.003204
0.002895
0.002340
0.004651
0.002365
0.005270
0.002564
0.002565
0.004287
0.002524
0.007062
0.002571
0.003181
0.004825
0.002291
0.002499
0.002621
0.002449
0.004728
0.002733
0.002428
0.002753
0.002498
0.005929
0.002556
0.002839
0.004577
0.002588
0.002597
0.003849
0.002494
0.005371
0.002466
0.002548
0.004502
0.002351
0.002483
0.003192
0.002580
0.005625
0.002705
0.002984
0.004982
0.002731
0.002802
0.004477
0.002646
0.002745
0.005048
0.003137
0.002585
0.004729
0.002813
0.002908
0.002911
0.002703
0.005853
0.002679
0.002837
0.004868
0.002596
0.004459
0.005523
0.002767
0.002570
0.004382
0.002749
0.005635
0.002937
0.002750
0.005277
0.002942
0.002690
0.005388
0.003075
0.005618
0.002857
0.002908
0.004670
0.002862
0.002772
0.004392
0.002929
0.006833
0.002722
0.003380
0.005855
0.002818
0.002434
0.004784
0.002650
0.002899
0.002888
0.002814
0.005721
0.002629
0.002477
0.005630
0.003137
0.002905
0.005418
0.006773
0.002630
0.002539
0.002880
0.002706
0.002708
0.002717
0.002772
0.004537
0.003592
0.004936
0.003326
0.003283
0.005235
0.003581
0.003294
0.005702
0.003349
0.003337
0.003005
0.003689
0.003240
0.003172
0.005139
0.003524
0.003147
0.005384
0.003616
0.003295
0.005493
0.003316
0.003135
0.004010
0.005467
0.003189
0.003478
0.005145
0.003223
0.003239
0.005521
0.003182
0.003011
0.006081
0.003211
0.003674
0.002520
0.002422
0.002557
0.005552
0.003122
0.003185
0.005595
0.003264
0.006608
0.004637
0.003293
0.003665
0.005519
0.003565
0.003245
0.005342
0.003363
0.002995
0.005263
0.003374
0.003250
0.003147
0.005002
0.003134
0.002703
0.004575
0.002381
0.005098
0.003080
0.002728
0.005241
0.003367
0.002552
0.004752
0.002864
0.002992
0.005241
0.003225
0.002824
0.004653
0.002774
0.002674
0.004296
0.003236
0.007721
0.006769
0.007027
0.007509
0.006979
0.006605
0.006191
0.006854
0.006283
0.006518
0.007074
0.006836
0.006689
0.006717
0.006642
0.006602
0.006735
0.006546
0.006360
0.006560
0.003436
0.002570
0.005607
0.002467
0.002447
0.003978
0.002370
0.005299
0.002463
0.002357
0.004226
0.002431
0.009406
0.004156
0.002633
0.005623
0.002682
0.002461
0.004355
0.002546
0.005402
0.002901
0.002508
0.004754
0.002605
0.002368
0.005325
0.003703
0.002549
0.005589
0.003119
0.002688
0.005213
0.002792
0.002584
0.002532
0.002528
0.002666
0.005437
0.002724
0.004483
0.002332
0.005687
0.002444
0.002567
0.004434
0.002261
0.006243
0.002819
0.002580
0.005743
0.002931
0.002396
0.005171
0.003085
0.002448
0.004866
0.003335
0.002410
0.004209
0.002500
0.006705
0.002627
0.002695
0.004990
0.002458
0.002460
0.003015
0.002584
0.005410
0.002232
0.002469
0.004029
0.002159
0.002500
0.002918
0.002925
0.005541
0.002915
0.002843
0.005460
0.002941
0.002893
0.005100
0.002689
0.002792
0.005601
0.003039
0.002599
0.005102
0.002820
0.002735
0.002960
0.002670
0.002869
0.004968
0.002944
0.002843
0.005452
0.003212
0.002931
0.005841
0.002876
0.002604
0.004900
0.002816
0.002663
0.002866
0.002879
0.005780
0.002779
0.003987
0.005287
0.002572
0.002497
0.004685
0.002406
0.002613
0.003717
0.002589
0.005435
0.002692
0.002855
0.005705
0.003203
0.002674
0.005546
0.003530
0.003280
0.005412
0.003742
0.002494
0.005738
0.002761
0.002807
0.003140
0.003021
0.002782
0.005464
0.002370
0.002616
0.004684
0.003120
0.002730
0.004537
0.002922
0.002825
0.005372
0.003146
0.002772
0.005195
0.003030
0.002260
0.004224
0.002568
0.005489
0.003308
0.002740
0.006263
0.002755
0.003045
0.005763
0.002784
0.002736
0.004963
0.002804
0.002873
0.002764
0.002888
0.002781
0.004999
0.002786
0.003195
0.005589
0.002819
0.002905
0.005449
0.002840
0.002869
0.005463
0.002794
0.004961
0.003709
0.002900
0.002975
0.004934
0.003025
0.002808
0.004902
0.002679
0.002763
0.004059
0.002782
0.005550
0.002913
0.002753
0.005221
0.002835
0.002841
0.004688
0.002773
0.002754
0.002848
0.002617
0.005548
0.002690
0.002841
0.005307
0.003097
0.002891
0.005756
0.002717
0.002840
0.005103
0.002648
0.002815
0.004232
0.002653
0.007748
0.002803
0.003029
0.014074
0.003235
0.005357
0.002730
0.003235
0.004999
0.003422
0.003000
0.005112
0.002441
0.003439
0.005482
0.002342
0.002790
0.004887
0.002698
0.002719
0.004282
0.002733
0.002766
0.002823
0.003812
0.002759
0.005674
0.003009
0.002766
0.005001
0.006524
0.002773
0.002707
0.004958
0.002511
0.002554
0.004396
0.002758
0.002835
0.004403
0.002667
0.005473
0.002344
0.002512
0.003983
0.002377
0.005707
0.002547
0.002499
0.005692
0.002797
0.002697
0.004894
0.002404
0.005859
0.002910
0.002467
0.004567
0.002435
0.002405
0.006025
0.002418
0.006328
0.006502
0.006552
0.006518
0.006611
0.006864
0.006467
0.006573
0.006977
0.006849
0.006760
0.006502
0.006384
0.006473
0.006445
0.006538
0.006432
0.006369
0.007574
0.007024
0.002602
0.002694
0.005076
0.002764
0.002563
0.004399
0.002648
0.002568
0.002496
0.002480
0.002561
0.005743
0.002410
0.002374
0.004352
0.002568
0.002616
0.002436
0.002410
0.005757
0.002918
0.002403
0.006195
0.002511
0.002647
0.004707
0.002655
0.005289
0.002436
0.002765
0.004460
0.002840
0.002419
0.002847
0.002677
0.002749
0.003094
0.003024
0.002620
0.002518
0.002284
0.005525
0.002503
0.002563
0.004611
0.002362
0.007838
0.002695
0.002676
0.004707
0.002559
0.002571
0.002514
0.002607
0.002485
0.004335
0.002311
0.005463
0.006175
0.002396
0.004804
0.002874
0.002966
0.004519
0.002994
0.002900
0.004521
0.002923
0.002995
0.004282
0.002683
0.002489
0.004480
0.003472
0.002902
0.002858
0.005093
0.002802
0.002913
0.004763
0.002812
0.002833
0.004841
0.002697
0.003072
0.005024
0.002674
0.002812
0.004643
0.002872
0.002871
0.004306
0.002906
0.002643
0.002701
0.002590
0.003097
0.002905
0.002440
0.004519
0.002648
0.002669
0.004292
0.002515
0.002425
0.002496
0.002625
0.002471
0.002735
0.002582
0.005490
0.002504
0.002498
0.004860
0.002609
0.002514
0.004243
0.002597
0.005053
0.002608
0.002721
0.002541
0.003701
0.002701
0.005080
0.002906
0.005714
0.002660
0.002354
0.004665
0.002603
0.002740
0.005630
0.003719
0.003369
0.003262
0.003357
0.003376
0.003304
0.004922
0.003074
0.003525
0.007767
0.003237
0.004025
0.003572
0.004593
0.003249
0.003122
0.005136
0.003316
0.003493
0.005586
0.003231
0.003329
0.003233
0.005136
0.003391
0.003425
0.005598
0.003376
0.003253
0.005472
0.003478
0.003334
0.005847
0.003123
0.003271
0.005171
0.003373
0.002295
0.005118
0.002419
0.002195
0.002566
0.002558
0.005734
0.002466
0.002571
0.005469
0.002752
0.002521
0.004976
0.002732
0.002267
0.004046
0.002448
0.005068
0.002779
0.002504
0.005648
0.002992
0.003043
0.004777
0.002893
0.002777
0.005164
0.002755
0.002914
0.004653
0.002777
0.002737
0.002882
0.002631
0.002991
0.004430
0.002656
0.002673
0.002877
0.002750
0.005584
0.002613
0.002948
0.004981
0.003122
0.002795
0.005735
0.002820
0.002723
0.005215
0.003238
0.002649
0.005011
0.003063
0.003147
0.005288
0.003007
0.002896
0.005515
0.003041
0.002974
0.004989
0.002795
0.002715
0.005496
0.002746
0.002675
0.004862
0.002904
0.002772
0.005345
0.003103
0.003219
0.005747
0.002998
0.002831
0.005626
0.002807
0.002664
0.005104
0.003167
0.002799
0.003096
0.002994
0.002901
0.002900
0.004871
0.002777
0.002679
0.005134
0.002703
0.002610
0.005754
0.002980
0.003099
0.004766
0.002904
0.002912
0.004962
0.002978
0.002906
0.004989
0.002833
0.003145
0.002755
0.005514
0.003076
0.006575
0.006568
0.006907
0.006761
0.006757
0.007352
0.008699
0.008189
0.007723
0.008318
0.007600
0.007269
0.007359
0.007237
0.007395
0.008955
0.009590
0.010180
0.009099
0.007305
0.003382
0.003444
0.007049
0.002835
0.002422
0.004928
0.002722
0.002538
0.002454
0.002891
0.002620
0.002485
0.002497
0.002521
0.005177
0.002438
0.002645
0.004566
0.002747
0.002884
0.005606
0.003134
0.002656
0.005480
0.002673
0.002760
0.005098
0.002566
0.002792
0.004343
0.002694
0.007912
0.002764
0.003110
0.004881
0.002607
0.003253
0.004409
0.003310
0.003292
0.005511
0.003379
0.003289
0.007746
0.003380
0.003566
0.003322
0.003323
0.003288
0.003279
0.005403
0.003331
0.003262
0.003224
0.003316
0.003562
0.003135
0.005428
0.003517
0.003332
0.005800
0.003481
0.004003
0.003362
0.004939
0.002795
0.002419
0.005111
0.002400
0.002676
0.005371
0.002294
0.002558
0.004048
0.002477
0.005212
0.002406
0.002296
0.004233
0.002408
0.002436
0.004476
0.002417
0.002666
0.002821
0.002828
0.005280
0.002781
