0.007559
0.008687
0.006679
0.006620
0.006361
0.006720
0.007120
0.006648
0.006644
0.007398
0.006586
0.006817
0.006969
0.006598
0.007147
0.006999
0.006820
-1
0.006916
0.006677
0.006578
0.002534
0.002642
0.002722
0.002614
0.003238
0.004590
0.002575
0.005720
0.002449
0.002179
0.002778
0.002271
0.004331
0.002487
0.002385
0.002355
0.002447
0.015698
0.004910
0.003009
0.002365
0.003334
0.010503
0.002658
0.004525
0.002434
0.002674
0.004221
0.002819
0.005477
0.009374
0.002536
0.002050
0.002310
0.005041
0.002012
0.005417
0.002357
0.001864
0.003972
0.002058
0.005233
0.001995
0.005576
0.002144
0.001966
0.001726
0.002321
0.004502
0.002609
0.002212
0.002909
0.003472
0.002794
0.003625
0.002369
0.005295
0.002429
0.002662
0.004833
0.002402
0.005117
0.002646
0.002543
0.004461
0.002556
0.005701
0.002681
0.002787
0.004851
0.002603
0.006658
0.002709
0.002682
0.004124
0.002796
0.005349
0.002876
0.002840
0.004962
0.002683
0.002757
0.004383
0.002819
0.002598
0.002454
0.002677
0.002519
0.002682
0.003148
0.002609
0.002652
0.002861
0.002699
0.002814
0.002779
0.005132
0.002695
0.002584
0.002543
0.002741
0.002999
0.002820
0.002511
0.002634
0.002597
0.002640
0.002661
0.002964
0.002706
0.002939
0.002825
0.002782
0.002824
0.002413
0.002558
0.002739
0.005276
0.002615
0.002753
0.004568
0.002727
0.007981
0.002662
0.002895
0.004202
0.002710
0.002799
0.002787
0.002431
0.005349
0.002704
0.002553
0.005119
0.002853
0.002599
0.005614
0.002755
0.002683
0.004960
0.002550
0.002677
0.002905
0.003309
0.002662
0.002861
0.002908
0.004832
0.004459
0.002561
0.002349
0.003091
0.002498
0.002790
0.004208
0.002681
0.002608
0.002801
0.002471
0.006155
0.002728
0.002980
0.002790
0.002604
0.002782
0.002574
0.002519
0.002574
0.002869
0.002840
0.002492
0.002747
0.002652
0.003056
0.002872
0.002719
0.002714
0.004986
0.002625
0.002952
0.002793
0.002310
-1
0.002978
0.003324
0.005469
0.002680
0.002558
0.005535
0.002595
0.002574
0.002739
0.002740
0.002478
0.005965
0.002555
-1
0.002544
0.002493
0.002442
0.002243
0.002946
0.002451
-1
0.002455
0.002509
0.004013
-1
0.002836
0.002503
0.004648
0.002592
0.002541
0.002620
0.002452
-1
0.002644
0.002257
0.004280
0.002463
0.005362
0.002479
0.002374
0.002418
0.002608
0.005417
0.002228
0.002399
0.005713
0.002545
0.002291
0.003881
0.002543
0.002806
0.002633
0.002493
0.002508
0.002858
0.002461
0.005599
0.002404
0.003023
0.005005
0.002726
0.002514
0.005131
0.002421
0.005369
0.002831
0.002446
0.002716
0.002626
0.002586
0.002832
0.002663
0.005591
0.002705
0.002765
0.005105
0.002800
0.002781
0.004477
0.002746
-1
0.002727
0.002549
0.004667
0.002386
0.005343
0.002352
-1
0.009869
0.009934
0.008795
0.008558
0.006552
0.008718
0.009099
0.008453
0.007594
0.008728
0.006708
0.008003
0.007686
0.007000
0.015625
0.006517
0.006840
0.007048
-1
0.006497
-1
0.006688
0.003489
0.002724
0.005250
0.002597
0.002625
0.004527
0.002596
0.002403
0.002796
0.002701
0.002891
0.004401
0.003199
0.003000
0.002683
0.002941
0.002731
0.002956
0.003376
0.002864
0.002716
0.002910
0.002763
0.004255
0.002951
0.002622
0.002616
0.002814
0.005798
0.003105
0.002619
0.002937
0.002919
0.002726
0.002183
0.002381
0.002408
0.002888
0.002984
0.002964
0.005781
0.002414
0.002570
0.002514
0.002381
0.002334
0.005625
0.002384
0.002546
0.002558
0.002309
0.002298
0.002433
0.002625
0.002584
0.003488
0.003111
0.002656
0.005377
0.002732
0.002860
0.005004
0.003194
0.002598
0.005206
-1
-1
0.002638
0.002562
0.005576
0.002924
0.002614
0.004875
0.002623
-1
0.002578
0.002976
0.005247
0.002677
0.002474
0.005445
0.002775
0.002459
0.004810
0.002365
0.005100
0.002892
0.002578
0.003973
0.002664
0.002421
0.003127
0.002623
0.002830
0.002825
0.002852
0.005902
0.002255
0.002432
0.004230
0.002522
0.002703
0.002350
0.002328
0.002295
0.002404
0.002500
0.002454
0.002429
0.002488
0.002518
0.002429
0.002354
0.002215
0.002397
0.002219
0.005206
0.002211
0.002666
0.002651
0.002326
0.002520
0.005323
0.002293
0.005334
0.002378
0.005368
0.002374
0.002344
0.005746
0.002547
0.002512
0.004490
0.002430
0.005560
0.002308
0.002273
0.003757
0.002141
0.002231
-1
0.002546
0.002724
0.002705
0.002435
0.002410
0.005290
0.002689
0.002813
0.002765
0.002659
0.002576
0.005528
-1
0.002551
-1
0.002865
0.002526
0.002656
0.002863
0.005347
0.002785
0.002695
0.005770
0.002919
0.002728
0.002577
0.002624
0.002625
-1
0.002926
0.002668
0.002460
0.002520
0.002601
0.002849
0.002408
0.005327
0.002824
0.002586
0.005258
0.002652
0.002761
0.004675
-1
0.002649
0.002897
0.005331
0.002775
0.002739
0.004070
0.002536
0.006864
0.002796
0.002603
0.005248
0.002645
0.002779
0.005667
0.002797
0.002675
0.004851
0.002568
0.002841
0.002925
0.002770
0.002577
0.005047
0.002511
0.002732
0.005718
0.002553
0.002518
0.004446
0.002384
0.002293
0.002592
0.002473
0.002765
0.002903
0.002506
0.002903
0.002428
0.003205
0.002695
0.002792
0.002664
0.002496
0.002755
0.002553
0.002611
0.002817
0.002596
0.002415
0.002859
0.002737
0.005111
0.002628
0.002670
0.002791
0.002691
0.002717
0.002566
0.002710
0.002721
0.005217
0.002689
0.003289
0.005783
0.002817
0.002423
0.003234
0.002589
0.002455
0.003256
0.002562
0.002568
0.002959
0.003278
0.003055
0.005654
0.002550
0.002490
0.002669
0.002859
0.002659
0.005479
0.002506
0.006107
0.006886
0.007265
0.006664
0.006174
0.007722
0.006011
0.006327
0.005870
0.006598
0.008752
0.009158
0.009044
0.008349
0.007845
0.006322
-1
0.006061
0.006117
0.007736
0.006721
0.002635
0.002383
0.004890
0.002337
0.002344
0.002445
0.002397
0.003848
-1
0.002416
0.002398
0.005403
0.002416
0.002502
0.004634
0.002190
0.002249
0.002382
0.002330
0.002732
0.002351
0.002235
0.005418
0.002509
0.002538
0.002473
0.002387
0.002219
0.005172
0.002354
0.005592
0.002236
0.005477
0.002326
0.002231
0.005378
0.002617
0.002235
0.004290
0.002430
0.004945
0.002279
0.002261
0.003711
0.002475
0.005644
0.002383
0.002470
0.005216
-1
0.003023
0.005538
0.002334
0.002509
0.003578
0.002241
0.005347
0.002650
0.002370
0.005687
0.002741
0.002280
0.004395
0.002236
0.005479
0.002466
0.002350
0.002175
0.002064
0.002244
0.002297
0.002429
0.002617
0.004938
0.002338
0.002229
0.002614
-1
-1
0.002291
0.002383
0.005344
0.002453
0.002464
0.004388
0.002345
0.004870
0.002617
0.002595
0.003547
0.002373
0.002242
0.002340
0.002275
0.002664
0.003808
0.002351
0.005581
0.002856
0.002193
0.003202
0.002102
0.002471
0.004215
0.002347
0.002308
0.004029
0.002495
0.002412
0.002155
0.002319
0.002311
0.002986
0.003090
0.005736
-1
0.002221
0.002251
0.002620
0.002531
0.005498
0.002244
0.002401
0.004060
0.002375
0.005282
0.002324
0.002357
0.003850
0.002298
0.002515
0.003784
0.002387
0.005525
0.002539
0.002565
0.002517
0.002404
0.005527
0.002493
0.002401
0.002334
0.004902
0.002454
0.002388
0.004019
0.002419
0.005306
0.002654
0.002345
0.004825
0.002214
0.005653
0.002790
0.002240
0.002787
0.002347
0.002717
0.002400
0.004915
0.002399
0.002630
0.002707
0.002785
0.002494
0.005301
0.002552
0.002813
0.005015
0.002577
0.002756
0.002527
0.002488
0.002769
0.004884
0.002742
0.002615
0.002840
0.004873
0.002314
0.002344
0.002636
0.002849
0.002128
0.004309
0.002232
0.005710
0.002179
0.002241
0.002150
0.002261
0.002546
0.002392
0.002329
0.002381
0.002244
-1
0.002657
0.005750
0.002379
0.002489
0.005574
0.002509
0.002437
0.004480
0.002235
0.005256
0.002786
0.002298
0.003546
0.002553
0.002096
0.002134
0.002458
0.005296
0.002476
0.002472
0.004493
0.002217
0.005273
0.002458
0.002156
0.002513
0.002426
0.002394
0.005520
0.002389
0.002653
0.004559
0.008094
0.003730
0.002523
0.005563
0.002182
0.002719
0.004641
0.002622
0.002716
0.005103
0.002976
0.002604
0.004822
0.002799
0.002587
0.004437
0.002452
0.005353
-1
0.003869
0.002789
0.004230
0.002830
0.005597
0.002881
0.002500
0.005226
0.002948
0.002732
0.005395
0.003036
0.002869
0.002618
0.003102
0.002723
0.005460
0.003126
0.002835
0.005433
0.006383
0.002871
0.002844
0.002676
0.002614
0.004661
0.007661
0.006751
0.006713
0.008111
0.006713
0.006992
0.006837
0.006793
0.008561
0.007431
0.006981
0.007028
0.006544
0.008022
0.006759
0.006884
0.006643
0.006656
0.008404
0.006914
0.002682
0.002647
0.005248
0.002609
0.002993
0.005311
0.002761
0.002552
0.004681
0.002835
0.002812
0.005660
0.002762
0.002909
0.005268
0.002752
0.002864
0.004091
0.002794
0.003020
0.004389
0.002623
0.002622
0.004936
0.002795
0.002723
0.004540
0.002676
-1
0.002811
0.002984
0.005241
0.002751
0.002717
0.005133
0.003029
0.002726
0.005502
0.002608
0.002526
0.004759
0.002556
0.002748
0.004235
0.002724
0.002622
0.004871
0.002776
0.002733
0.004094
0.002676
0.005554
0.002872
0.003120
0.005367
0.002885
0.003066
0.002579
0.002708
0.003008
0.002730
0.002545
0.002925
0.002568
0.002646
0.002931
0.005721
0.002641
0.002783
0.005546
0.002886
0.003225
0.005542
0.002667
0.003048
0.005708
0.002595
0.002797
0.005112
0.002758
0.002541
0.005255
0.002632
0.003115
0.005746
0.002565
0.002729
0.002774
0.002699
0.003075
0.005433
0.002889
0.003066
0.002784
0.004263
0.002853
0.002941
0.004135
0.002741
0.002490
0.002573
0.003026
0.005728
