0.009814
0.008790
0.008207
0.007924
0.008146
0.007716
0.008321
0.007986
0.008821
0.008832
0.009276
0.009073
0.009571
0.009108
0.008678
0.008068
0.008004
0.009065
0.009019
0.008718
0.005238
0.003885
0.003686
0.003814
0.004037
0.003599
0.003816
0.003733
0.004156
0.004184
0.003975
0.004247
0.004481
0.005491
0.004019
0.004147
0.004228
0.004337
0.004209
0.004128
0.004397
0.005812
0.004566
0.004302
0.004193
0.005358
0.004222
0.004272
0.004267
0.004189
0.004380
0.004387
0.004354
0.004423
0.004303
0.005374
0.004225
0.004152
0.004196
0.005768
0.004087
0.004152
0.004232
0.003948
0.004521
0.004309
0.004131
0.005005
0.004234
0.005627
0.003949
0.004152
0.003933
0.004325
0.004233
0.004096
0.004276
0.004268
0.005250
0.004194
0.004125
0.005597
0.004252
0.004054
0.004040
0.004158
0.004151
0.004383
0.004250
0.004184
0.004155
0.004099
0.004381
0.004201
0.004629
0.004123
0.005494
0.004482
0.004278
0.004328
0.004022
0.004154
0.004151
0.004071
0.004273
0.010046
0.004108
0.005002
0.004301
0.004349
0.004160
0.005430
0.004118
0.004252
0.003985
0.004181
0.004188
0.004198
0.007614
0.004219
0.004182
0.004297
0.005673
0.004310
0.004249
0.004205
0.005813
0.004014
0.004761
0.004331
0.005369
0.004094
0.003915
0.003759
0.005613
0.003730
0.003846
0.003855
0.004045
0.003756
0.004059
0.004236
0.004075
0.004058
0.004372
0.004181
0.004355
0.004390
0.004306
0.005420
0.004074
0.004110
0.004012
0.005681
0.004218
0.004375
0.004050
0.004201
0.004555
0.004704
0.004188
0.005414
0.004081
0.004207
0.004013
0.004269
0.004272
0.004395
0.005462
0.004229
0.004388
0.003931
0.003974
0.004247
0.004152
0.004100
0.007928
0.004230
0.004564
0.004134
0.005305
0.004237
0.004145
0.004200
0.004158
0.004222
0.004159
0.004223
0.004172
0.004024
0.004362
0.004202
0.004134
0.004284
0.004074
0.004228
0.004205
0.004120
0.004189
0.004098
0.003974
0.004158
0.005605
0.004280
0.004297
0.004211
0.004132
0.004294
0.004621
0.004216
0.004289
0.005557
0.004258
0.004128
0.005415
0.004247
0.004059
0.004165
0.004167
0.004241
0.004244
0.004253
0.004059
0.004141
0.004154
0.004099
0.004103
0.004067
0.004264
0.004018
0.004266
0.005727
0.004148
0.004063
0.004333
0.007435
0.004462
0.004722
0.004552
0.004457
0.005329
0.004654
0.004644
0.005798
0.004435
0.004542
0.005549
0.004528
0.004465
0.005435
0.004500
0.004373
0.005708
0.004162
0.004078
0.005575
0.004105
0.004051
0.003986
0.004085
0.003923
0.004229
0.005388
0.004107
0.004292
0.003991
0.005736
0.004030
0.004485
0.004686
0.007787
0.004597
0.004882
0.004455
0.004633
0.005394
0.004546
0.004509
0.005624
0.004382
0.005517
0.004505
0.004304
0.004557
0.009695
0.008833
0.008301
0.008223
0.008187
0.008722
0.009499
0.008733
0.008850
0.008314
0.008315
0.008710
0.008729
0.008501
0.008271
0.011226
0.008977
0.008619
0.008295
0.008608
0.004423
0.004336
0.004269
0.004291
0.004642
0.004381
0.004489
0.006579
0.004908
0.004626
0.004380
0.005766
0.004714
0.004598
0.005575
0.004530
0.004609
0.005423
0.004739
0.004425
0.005273
0.004703
0.004478
0.004413
0.004535
0.004258
0.004488
0.004271
0.004374
0.004615
0.004333
0.004935
0.004593
0.004570
0.004808
0.004370
0.004573
0.004425
0.004559
0.004371
0.004541
0.004375
0.005111
0.004435
0.004338
0.004592
0.004633
0.004299
0.004656
0.004493
0.004376
0.004565
0.004448
0.005648
0.005509
0.004690
0.004847
0.004711
0.006044
0.004424
0.004227
0.004462
0.008018
0.004475
0.004771
0.004531
0.004494
0.005403
0.004653
0.004442
0.005709
0.004517
0.004307
0.004483
0.004631
0.004433
0.004936
0.004443
0.004589
0.004435
0.004308
0.004663
0.004565
0.005597
0.004465
0.004538
0.004578
0.004614
0.004433
0.004499
0.004757
0.004443
0.004622
0.004623
0.005429
0.004615
0.004716
0.004585
0.005012
0.004641
0.004463
0.004661
0.004699
0.004670
0.005443
0.004414
0.004406
0.004616
0.004322
0.004951
0.004522
0.004713
0.004620
0.005581
0.004341
0.004490
0.004460
0.004639
0.004448
0.004545
0.005152
0.004716
0.004591
0.004555
0.004616
0.004617
0.004472
0.005411
0.004273
0.004421
0.004520
0.004997
0.005402
0.004525
0.004408
0.004469
0.004513
0.014480
0.004246
0.004345
0.004402
0.004821
0.005502
0.004431
0.004650
0.004427
0.004505
0.005510
0.004425
0.004377
0.004666
0.004703
0.004539
0.004914
0.004503
0.004501
0.004729
0.004365
0.004498
0.005625
0.004391
0.009478
0.005456
0.003953
0.004055
0.003943
0.004043
0.003938
0.003973
0.005847
0.004530
0.004572
0.004492
0.004481
0.004434
0.004880
0.004583
0.004442
0.004607
0.004409
0.005268
0.004270
0.004551
0.004400
0.004325
0.004519
0.005554
0.004591
0.004558
0.004519
0.004593
0.004577
0.005605
0.004315
0.004368
0.004320
0.004436
0.005230
0.004487
0.004648
0.004435
0.004375
0.004424
0.005405
0.004432
0.004586
0.004500
0.004370
0.005459
0.004798
0.004557
0.004705
0.004410
0.004428
0.005648
0.004440
0.004579
0.004604
0.004664
0.004514
0.004603
0.005524
0.004258
0.004481
0.004271
0.004695
0.004333
0.004339
0.004550
0.004614
0.005155
0.004495
0.004560
0.004514
0.004645
0.004623
0.004552
0.004466
0.004595
0.004565
0.005336
0.005169
0.004461
0.005507
0.004464
0.004727
0.004420
0.004470
0.005612
0.004503
0.004687
0.004516
0.004806
0.004536
0.009120
0.008263
0.008510
0.008451
0.008415
0.008965
0.008481
0.008742
0.008532
0.008622
0.008526
0.008770
0.009081
0.008558
0.008508
0.009846
0.009179
0.008766
0.008667
0.008630
0.004395
0.004680
0.004483
0.004257
0.004568
0.004615
0.007741
0.004434
0.004867
0.004609
0.004461
0.004603
0.004465
0.004487
0.005301
0.004592
0.004362
0.005633
0.004501
0.004999
0.004623
0.004384
0.004520
0.004525
0.004426
0.005839
0.004387
0.004354
0.005941
0.004428
0.004746
0.004575
0.004747
0.005712
0.004630
0.004376
0.004466
0.004470
0.004434
0.007252
0.004576
0.004788
0.004642
0.004641
0.005521
0.004541
0.004713
0.005399
0.004577
0.004506
0.004668
0.004937
0.004787
0.004436
0.005358
0.005040
0.004480
0.004526
0.004438
0.004439
0.004333
0.005995
0.003946
0.004423
0.004233
0.004153
0.004234
0.004222
0.004257
0.004400
0.003983
0.004153
0.004362
0.004228
0.004131
0.004480
0.005712
0.004206
0.004164
0.004123
0.005770
0.004209
0.004175
0.004066
0.007514
0.004246
0.004478
0.004245
0.004077
0.004201
0.004317
0.003991
0.004118
0.004086
0.004108
0.003994
0.004215
0.004134
0.004664
0.005759
0.004009
0.003939
0.004145
0.005440
0.004006
0.003989
0.004205
0.005833
0.004071
0.004468
0.004158
0.004165
0.004126
0.004115
0.003978
0.004049
0.004065
0.005641
0.004100
0.004086
0.004517
0.004141
0.004297
0.003942
0.004305
0.004191
0.005426
0.004102
0.004042
0.003937
0.004095
0.004131
0.005316
0.004064
0.004095
0.004164
0.004171
0.004006
0.003942
0.004047
0.004013
0.005694
0.004173
0.004449
0.004095
0.004198
0.004126
0.004055
0.004096
0.004217
0.004229
0.004039
0.004020
0.004151
0.004334
0.004731
0.004413
0.004592
0.004471
0.004607
0.004498
0.005418
0.004615
0.004417
0.007472
0.004690
0.004571
0.004475
0.004646
0.004492
0.005239
0.004318
0.004614
0.004401
0.005360
0.004574
0.004555
0.004890
0.004459
0.004298
0.004573
0.004501
0.004636
0.004520
0.005431
0.004501
0.004614
0.004414
0.004895
0.004604
0.004500
0.004455
0.004514
0.004501
0.008566
0.004416
0.005331
0.004300
0.004762
0.004316
0.005338
0.004613
0.004603
0.004600
0.005531
0.004407
0.004493
0.004563
0.004511
0.004881
0.004458
0.005602
0.003939
0.003964
0.004078
0.004073
0.004355
0.004295
0.007853
0.005017
0.004105
0.005369
0.003967
0.004547
0.005728
0.004155
0.003993
0.005277
0.004743
0.004442
0.004267
0.004575
0.004500
0.004500
0.004302
0.004002
0.005791
0.004095
0.005354
0.004889
0.004330
0.004064
0.004401
0.004523
0.004608
0.004571
0.004491
0.005602
0.004429
0.004651
0.004592
0.004653
0.004686
0.004315
0.004701
0.004809
0.005482
0.005119
0.009209
0.008453
0.008646
0.008355
0.009008
0.008618
0.008651
0.008622
0.008754
0.008523
0.008441
0.008803
0.008629
0.008285
0.008585
0.008686
0.008347
0.009336
0.009070
0.008598
0.004471
0.004636
0.004378
0.005698
0.004629
0.004496
0.004881
0.004489
0.004672
0.004587
0.004755
0.004466
0.004429
0.004569
0.004450
0.007446
0.004478
0.004813
0.004482
0.004620
0.005699
0.004460
0.004451
0.004644
0.004441
0.005742
0.004411
0.004418
0.004709
0.004389
0.004521
0.004511
0.004592
0.004395
0.004486
0.004428
0.004473
0.005506
0.004279
0.004741
0.005895
0.004642
0.004766
0.004784
0.004490
0.005673
0.004235
0.004548
0.004694
0.004332
0.004798
0.004507
0.005386
0.004464
0.005317
0.004451
0.004983
0.004599
0.004557
0.004451
0.004569
0.004939
0.004482
0.004505
0.004455
0.004463
0.004467
0.004633
0.004546
0.004399
0.005767
0.004366
0.005042
0.004738
0.005585
0.004420
0.004399
0.004430
0.004493
0.004531
0.004474
0.007833
0.004461
0.004751
0.004690
0.004524
0.005787
0.004357
0.004623
0.005567
0.004422
0.004462
0.005805
0.004554
0.004829
0.004535
0.005155
0.004439
0.004544
0.004642
0.005453
0.004508
0.004777
0.009318
0.004166
0.004083
0.003906
0.005527
0.004033
0.003869
0.003921
0.005727
0.004463
0.004327
0.005756
0.004225
0.004554
0.005639
0.004418
0.004464
0.004550
0.004526
0.005563
0.004461
0.004365
0.005392
0.004500
0.004621
0.004561
0.004485
0.004489
0.004318
0.004530
0.004325
0.005522
0.004385
0.004545
0.004165
0.004491
0.004633
0.005491
0.004560
0.004511
0.004320
