0.008238
0.007257
0.007433
0.008301
0.009301
0.007142
0.007033
0.007022
0.006885
0.006976
0.006864
0.007285
0.007323
0.008173
0.007506
0.007104
0.006861
0.007026
0.006891
0.006857
0.003018
0.002912
0.005193
0.006980
0.003389
0.003375
0.004877
0.010187
0.002960
0.002988
0.003221
0.006073
0.014579
0.002829
0.005272
0.002942
0.002806
0.002746
0.002770
0.003522
0.003269
0.003262
0.003458
0.003191
0.003359
0.003411
0.003757
0.003504
0.003242
0.003417
0.003205
0.003295
0.003342
0.003324
0.003312
0.003178
0.005207
0.005089
0.003521
0.003611
0.005572
0.003569
0.004145
0.003531
0.006584
0.003251
0.003375
0.002849
0.003379
0.003227
0.003199
0.003217
0.003075
0.002903
0.003304
0.002861
0.003056
0.003342
0.003033
0.002868
0.003186
0.009159
0.002820
0.002549
0.003031
0.004040
0.002809
0.002921
0.003491
0.002891
0.003183
0.003309
0.004429
0.003149
0.003243
0.003990
0.002800
0.003214
0.003082
0.003521
0.003560
0.003072
0.003280
0.003412
0.003213
0.003664
0.003294
0.003263
0.003222
0.003343
0.003272
0.003266
0.003407
0.003073
0.003221
0.003361
0.003355
0.003558
0.003500
0.003360
0.003271
0.003244
0.003295
0.003200
0.003468
0.003422
0.003145
0.003420
0.003308
0.003705
0.003225
0.003375
0.003188
0.003047
0.003327
0.003283
0.003529
0.003339
0.003363
0.003370
0.003308
0.003599
0.003459
0.003555
0.003398
0.003472
0.003328
0.003255
0.003296
0.003377
0.003270
0.003517
0.003542
0.003444
0.003740
0.003560
0.003380
0.003429
0.003547
0.003505
0.003192
0.003533
0.003308
0.003163
0.003653
0.003642
0.002983
0.002816
0.002750
0.002795
0.003095
0.002942
0.003627
0.003326
0.003403
0.003213
0.004317
0.003493
0.003277
0.003075
0.002973
0.003332
0.003256
0.003349
0.003291
0.003439
0.003248
0.003477
0.003070
0.003505
0.002984
0.003143
0.003058
0.003085
0.003176
0.002983
0.003385
0.002967
0.002964
0.002966
0.003151
0.003367
0.002943
0.003281
0.003116
0.003326
0.002867
0.003078
0.002978
0.002981
0.003151
0.003185
0.005875
0.003376
0.003394
0.002967
0.003022
0.003217
0.003000
0.004025
0.003347
0.003438
0.003154
0.003052
0.005584
0.003494
0.003480
0.003546
0.003224
0.003160
0.003240
0.003281
0.003131
0.003502
0.007876
0.003390
0.005973
0.003351
0.003070
0.004512
0.002903
0.002799
0.003088
0.003315
0.005929
0.003217
0.003181
0.005592
0.005122
0.004367
0.003194
0.003536
0.003274
0.003415
0.003267
0.003450
0.003234
0.003129
0.003474
0.003422
0.009418
0.002973
0.003104
0.005106
0.006027
0.005280
0.002810
0.003389
0.003233
0.003216
0.003522
0.004782
0.003473
0.003279
0.003293
0.003317
0.003321
0.003274
0.003408
0.003236
0.002972
0.002925
0.002973
0.004243
0.003279
0.003234
0.003007
0.003194
0.002841
0.003072
0.003144
0.003164
0.009273
0.006949
0.007144
0.007545
0.007008
0.007148
0.007024
0.007074
0.006848
0.008308
0.007457
0.008453
0.008850
0.007128
0.007278
0.007443
0.007174
0.007572
0.006931
0.008933
0.003518
0.002973
0.003278
0.003075
0.003451
0.003402
0.003361
0.003422
0.003660
0.003407
0.003690
0.003320
0.003301
0.003408
0.005337
0.006948
0.003253
0.005595
0.003668
0.003438
0.005502
0.003279
0.003341
0.005382
0.003456
0.005418
0.003477
0.005623
0.003151
0.003513
0.005411
0.003367
0.003142
0.005761
0.003330
0.003470
0.005597
0.004118
0.003228
0.005378
0.002888
0.002965
0.004859
0.002876
0.004207
0.005697
0.002951
0.003466
0.005366
0.003917
0.003184
0.003327
0.004887
0.003300
0.003225
0.003388
0.003288
0.003368
0.003396
0.003330
0.006068
0.005169
0.007806
0.003741
0.003472
0.003312
0.003407
0.003485
0.003456
0.003398
0.003247
0.003392
0.004877
0.003291
0.003278
0.003211
0.003026
0.002881
0.002953
0.002934
0.003109
0.003092
0.003011
0.003072
0.004603
0.003305
0.003195
0.003118
0.003128
0.003112
0.003115
0.002921
0.002985
0.003058
0.008371
0.005026
0.004501
0.003126
0.005574
0.003142
0.003123
0.005460
0.002975
0.003066
0.004728
0.002903
0.003909
0.005413
0.003931
0.002927
0.005534
0.002954
0.003058
0.005074
0.002773
0.003031
0.004345
0.002895
0.005489
0.003088
0.003024
0.003315
0.003774
0.003691
0.003236
0.003224
0.003380
0.002931
0.004978
0.002873
0.003942
0.005150
0.003500
0.003050
0.005612
0.002964
0.003239
0.005334
0.003102
0.003147
0.005075
0.003016
0.003047
0.005175
0.003481
0.002996
0.005047
0.003130
0.002988
0.004509
0.003058
0.003026
0.002995
0.003041
0.002860
0.004916
0.004117
0.003273
0.005782
0.003033
0.003101
0.005228
0.003149
0.002930
0.004728
0.002855
0.002981
0.005629
0.003376
0.003026
0.005553
0.003189
0.002912
0.005329
0.003013
0.003016
0.005212
0.003103
0.003055
0.002925
0.003998
0.002995
0.005327
0.003882
0.003645
0.003945
0.003514
0.003754
0.003199
0.003462
0.003917
0.003379
0.003826
0.003134
0.003080
0.005175
0.002865
0.002990
0.005128
0.003120
0.003957
0.003970
0.002844
0.002877
0.003210
0.003090
0.003181
0.002996
0.002919
0.003200
0.003103
0.003235
0.003061
0.003015
0.004632
0.004627
0.003129
0.003099
0.003122
0.002992
0.003109
0.002994
0.003249
0.003130
0.003245
0.002944
0.004601
0.003086
0.003136
0.002879
0.003108
0.002989
0.003086
0.002905
0.003170
0.004196
0.003161
0.002997
0.002939
0.002996
0.003320
0.003285
0.003579
0.003227
0.003278
0.003352
0.003294
0.003064
0.003508
0.003443
0.003438
0.003401
0.003719
0.003097
0.003247
0.002907
0.003044
0.003205
0.003142
0.003034
0.003080
0.002780
0.003059
0.003175
0.003210
0.003211
0.003310
0.003054
0.003047
0.003102
0.002805
0.002970
0.005102
0.003026
0.009052
0.007405
0.007416
0.007402
0.007326
0.007493
0.006803
0.007278
0.007465
0.008309
0.007611
0.006741
0.009217
0.008250
0.008153
0.007326
0.007044
0.006979
0.006900
0.006843
0.003228
0.003625
0.003273
0.004707
0.003203
0.006178
0.003280
0.003231
0.007344
0.003183
0.003243
0.005713
0.003584
0.003226
0.005386
0.003199
0.003408
0.005283
0.003268
0.003342
0.005779
0.003304
0.003378
0.005653
0.003420
0.003476
0.005394
0.003167
0.003315
0.005659
0.003308
0.003218
0.005635
0.003239
0.003350
0.005377
0.003654
0.002861
0.005814
0.003031
0.002985
0.005229
0.002950
0.002819
0.004358
0.003180
0.003313
0.002946
0.003750
0.003449
0.004944
0.003170
0.003236
0.005058
0.003072
0.003237
0.005100
0.003367
0.003333
0.003191
0.003538
0.003035
0.003064
0.003234
0.003075
0.005844
0.003200
0.002775
0.004985
0.002926
0.003920
0.005417
0.003732
0.003619
0.003448
0.003938
0.003824
0.003639
0.005428
0.003367
0.003610
0.003461
0.003478
0.003220
0.003086
0.003096
0.003106
0.003039
0.003040
0.002879
0.003042
0.003062
0.002955
0.002987
0.002988
0.002944
0.003229
0.003149
0.003248
0.002963
0.003009
0.003055
0.002945
0.002814
0.003324
0.002835
0.003127
0.004249
0.003238
0.003135
0.003051
0.002990
0.003025
0.003389
0.002903
0.004293
0.002881
0.003007
0.003781
0.002962
0.003392
0.003052
0.003093
0.002951
0.003151
0.002973
0.002835
0.003092
0.003172
0.002883
0.003061
0.004322
0.003215
0.002965
0.003022
0.003031
0.002993
0.002880
0.003124
0.002792
0.003123
0.002917
0.006848
0.003955
0.005364
0.003923
0.004047
0.004081
0.005644
0.003995
0.003225
0.003220
0.003458
0.003616
0.003289
0.003425
0.003431
0.003392
0.003239
0.003121
0.003389
0.003311
0.003037
0.002920
0.003318
0.003417
0.004982
0.003659
0.003121
0.005229
0.003011
0.003193
0.003073
0.003205
0.004562
0.003013
0.002789
0.003780
0.002982
0.010614
0.003282
0.003150
0.005840
0.003133
0.002852
0.005333
0.002889
0.002861
0.005190
0.003262
0.002818
0.005581
0.003005
0.003101
0.005523
0.006303
0.005599
0.002965
0.003144
0.003087
0.003014
0.002983
0.004256
0.003174
0.003028
0.003232
0.002810
0.002933
0.003040
0.002944
0.003487
0.003074
0.003061
0.003091
0.004569
0.003094
0.003131
0.003049
0.003107
0.002860
0.003101
0.002868
0.002888
0.003062
0.003066
0.003201
0.004242
0.003314
0.003064
0.003327
0.003107
0.002895
0.003125
0.003267
0.004920
0.003065
0.003179
0.003045
0.003006
0.003316
0.002995
0.003330
0.003216
0.002933
0.003042
0.003015
0.003012
0.002973
0.003027
0.003071
0.004428
0.003113
0.003167
0.003156
0.002976
0.002928
0.003175
0.002924
0.002919
0.003167
0.002841
0.002844
0.003119
0.003274
0.002855
0.003783
0.003670
0.003047
0.002960
0.002904
0.003749
0.005634
0.002985
0.003207
0.003089
0.006604
0.008557
0.009808
0.008968
0.008998
0.006736
0.006954
0.007404
0.007108
0.006987
0.007413
0.007082
0.007013
0.006915
0.009392
0.008686
0.008278
0.007169
0.009996
0.009927
0.005140
0.003215
0.002990
0.003168
0.002988
0.002997
0.005711
0.003022
0.003380
0.005687
0.003168
0.003139
0.005374
0.002929
0.003130
0.005663
0.003016
0.002810
0.005415
0.002999
0.003130
0.005462
0.003148
0.002975
0.005792
0.003235
0.003250
0.005590
0.003334
0.003137
0.005383
0.003099
0.003421
0.003133
0.003756
0.003130
0.005706
0.003180
0.004817
0.003120
0.003416
0.003176
0.003307
0.003466
0.003799
0.003265
0.003638
0.003359
0.003495
0.003425
0.003348
0.003428
0.003187
0.003304
0.003351
0.003073
0.003121
0.005013
0.004329
0.005375
0.003700
0.004435
0.004429
0.003967
0.003471
0.003463
0.003252
0.003259
0.003298
0.004678
0.003543
0.003654
0.003394
0.003785
0.003644
0.003224
0.003252
0.003568
0.003274
0.003478
0.003325
0.003344
0.003427
0.003475
0.003412
0.003496
0.003501
0.003419
0.003461
0.003288
0.003358
0.003491
0.003353
0.003491
0.003692
0.005430
0.003583
0.003439
0.003293
