0.011300
0.009482
-1
0.007206
0.007024
0.008192
-1
0.009428
0.008783
0.009899
-1
0.009431
0.013982
0.012104
0.005943
0.007325
0.006279
0.006044
0.005840
0.005884
0.006110
0.005963
0.006210
0.002342
0.002386
0.004662
0.002196
0.005524
0.002619
0.002459
0.004138
0.002340
0.005376
0.002363
0.002408
0.002203
-1
0.002402
0.002400
0.004692
0.002559
-1
-1
0.002301
0.002387
0.002303
0.002296
0.005717
0.004106
0.002323
0.002690
0.002612
0.004577
0.002465
0.005574
0.002224
-1
0.002352
0.002223
0.002311
0.002394
0.002538
0.002234
0.002394
0.002294
0.002245
0.002391
-1
0.002167
0.005217
0.003529
0.003410
0.003121
0.004418
0.002608
0.004692
0.002694
0.005741
0.002599
0.002477
0.002662
0.002706
0.005082
0.002613
0.002675
-1
0.002835
0.005056
0.002602
0.002470
0.002669
0.002482
0.004592
-1
0.002613
0.002845
0.005122
0.002769
0.002760
0.003991
-1
0.002613
0.002559
0.002753
0.002677
0.004927
0.002614
0.005435
0.002901
0.002674
0.004941
0.002589
0.002523
-1
0.002548
-1
0.002725
0.002709
0.005072
0.002688
0.002822
-1
0.002726
0.005168
-1
-1
0.004645
0.003471
0.002725
0.002923
0.002622
0.005081
0.002578
0.002828
0.004106
0.002673
0.005397
0.002870
-1
0.002687
-1
0.002820
0.003947
0.002667
0.002563
0.002569
0.002675
0.005136
0.002660
0.002480
0.004402
0.002797
0.005316
0.002667
0.002762
0.004813
0.002562
0.005778
0.002638
0.002551
0.004548
-1
0.002869
0.002741
0.004389
0.002818
0.005450
0.005837
-1
0.003004
0.005513
0.002664
0.002847
0.005460
0.002803
0.002529
0.004227
0.002678
0.005739
0.002571
0.002601
0.003008
0.002928
0.005822
0.002814
0.002938
0.005225
0.002879
-1
-1
0.002694
0.002707
0.002882
0.002761
-1
0.002698
0.003010
0.002660
0.002769
0.002510
0.002955
0.002463
0.005018
0.002579
0.002688
0.003862
0.002506
-1
0.002755
0.002457
0.002764
0.002516
0.005496
0.002749
0.002792
0.004333
0.002806
0.005702
-1
0.003064
0.002723
0.004982
0.002647
0.005555
0.002738
0.002755
0.005455
0.002636
0.002592
0.002896
0.002666
0.003074
0.004422
0.002654
0.005493
0.002671
0.002765
0.004367
0.002605
0.005305
0.002476
0.003976
0.003387
-1
0.003487
0.002691
0.004965
0.002599
0.004769
0.002616
0.005629
0.002857
0.002461
0.004130
0.002767
0.002716
0.004149
0.002677
0.005433
0.002702
-1
0.002582
0.002594
0.002592
0.002548
0.006188
0.002716
0.003241
0.005277
-1
0.002649
0.005373
0.002482
0.002381
0.002625
0.002586
0.005264
0.002825
0.002815
0.009356
0.008205
0.007932
0.006554
-1
0.006479
0.006698
0.006437
0.008561
0.006567
-1
0.006818
0.006696
0.006952
0.006630
0.007764
0.008476
0.007812
0.006739
0.006856
0.007705
0.007248
0.002526
0.002652
0.004855
0.002831
0.002759
0.002784
0.002457
0.002860
0.002787
0.002771
0.014153
0.002645
0.004912
0.002602
0.002551
0.002529
0.002932
0.005417
0.002834
0.002882
0.004809
0.002754
0.002617
0.003971
0.002678
0.005458
0.002548
0.002745
0.004074
0.002563
0.007030
0.002730
0.002826
0.002826
0.002662
0.002857
0.005296
0.002797
0.003487
0.004806
0.002700
-1
0.003473
0.002833
0.005630
0.002812
0.002747
0.004635
0.002681
0.005236
0.002602
0.002741
-1
0.003581
0.003566
0.005720
0.002756
0.002746
0.004066
0.002727
0.002763
0.002637
0.002711
0.005389
0.004135
0.002837
0.005817
0.002860
0.002647
0.004426
-1
0.002693
0.002768
0.004320
0.002645
0.005496
0.003867
0.002618
-1
0.002571
0.002683
0.002868
-1
0.002887
0.002787
0.002752
0.002657
0.002646
0.004933
0.002803
0.002838
0.005751
0.002580
0.002505
0.002663
-1
0.003027
0.003080
0.002736
0.002741
0.003242
0.005064
0.002706
0.002720
0.002489
0.002644
0.002694
0.005167
0.002638
0.004200
0.003518
0.005289
0.003179
0.002548
0.004416
0.002434
0.005231
0.002503
0.002917
0.004690
0.002571
0.005723
0.002633
0.002786
-1
0.002798
0.002841
0.002681
0.002645
0.002904
0.004696
0.002764
0.002643
0.002861
0.002721
0.003126
0.005063
0.002787
0.002836
0.002761
0.002637
0.002915
0.004953
0.002628
-1
0.002645
0.005764
-1
0.002599
0.002453
0.004403
0.002566
0.005629
0.002458
0.002716
0.004036
0.002820
-1
-1
0.002938
0.002747
0.004429
0.002623
0.002602
0.002604
0.003980
0.003222
0.005005
0.002813
0.002936
0.004220
0.002790
0.002579
0.002579
0.002795
0.005058
0.002588
0.002848
0.005184
0.002618
0.003014
0.004430
0.002536
0.003673
0.002744
0.002473
0.002810
0.002537
0.002711
0.002515
0.002718
-1
0.002739
0.002753
0.003893
0.002514
0.002921
0.002638
-1
0.002676
0.002619
0.005097
0.002714
0.005702
0.002648
0.002982
0.004972
0.002595
0.003305
0.004274
0.002849
0.005401
0.002663
0.003113
0.003250
0.005102
0.002593
0.002494
0.004563
0.002611
0.004660
0.002673
0.004510
0.003645
0.003304
0.002671
0.002811
0.002806
0.004827
0.002630
0.005559
0.002505
0.002715
0.004680
0.002815
0.002582
0.002618
0.002866
0.002905
0.005058
0.002649
0.002486
-1
-1
0.002761
0.005429
0.002593
0.002584
0.004957
0.002894
0.002665
0.004305
0.002771
0.005748
0.002862
0.002637
0.004642
0.002723
0.005525
0.002395
0.002643
0.003749
0.005029
0.002590
0.006900
0.006353
0.006533
0.006513
0.006264
0.008202
0.006750
0.006869
0.007346
0.006712
0.006542
0.007003
0.006745
0.006598
0.007831
0.008609
0.008080
0.007562
0.006591
0.008092
0.002806
0.002592
0.005789
0.002558
0.002567
0.004060
0.002773
0.002689
0.003998
0.002869
0.005377
0.002673
0.002875
0.005007
0.002565
0.002947
0.002830
0.002555
0.005360
0.002710
0.002809
0.005471
0.002655
0.002431
0.004982
0.002930
-1
0.002771
0.002567
0.003815
0.002844
0.007515
0.002517
0.002979
0.005246
0.002510
0.002985
0.004268
0.002694
0.005457
0.002620
0.002805
0.004444
0.002751
0.008074
0.002847
0.003108
0.005087
0.002708
0.002629
0.004165
0.002779
0.005490
0.002792
0.003480
0.005805
0.003407
-1
0.003373
0.002401
0.002805
0.003377
0.003562
0.003303
0.003321
0.003275
0.005626
0.003349
0.003797
0.005633
0.003301
0.003606
0.004727
0.002975
0.003857
0.005815
0.003102
0.003264
0.003244
0.003247
0.003724
0.003409
0.004548
0.003407
0.003298
0.005386
0.003149
0.003112
0.004852
0.003395
0.003282
0.004807
0.003493
0.003631
0.005609
0.003102
0.003218
0.003343
-1
0.003814
0.003338
0.003360
0.005979
0.003844
0.004968
0.003296
0.003386
0.005757
0.003285
0.003041
0.004603
0.003989
0.003419
0.003369
0.003717
0.003297
0.005064
0.003229
0.003135
0.005033
0.002981
0.003230
0.004891
0.003290
-1
0.003714
0.003272
0.005032
-1
0.003152
0.003274
0.005894
0.002981
0.003071
0.005426
0.003026
0.003836
0.005496
0.003251
0.003299
0.005157
0.003373
0.003258
0.005554
0.002854
0.003275
0.005301
0.002886
0.003684
0.003614
0.005700
0.003234
0.003583
0.005257
0.003295
0.003305
0.005034
0.003151
0.003297
0.003068
0.003711
0.003421
-1
0.003610
-1
-1
0.006273
0.003840
0.003095
0.005454
0.002683
-1
0.002701
0.002522
0.003805
0.002593
0.005239
0.002820
0.002872
0.002656
0.002706
0.002822
0.005035
0.002603
0.002914
0.002579
0.002816
0.002971
0.005024
0.002605
0.002670
0.004474
0.002653
0.003221
0.004420
0.002767
0.003120
0.002738
-1
-1
0.002805
0.002501
0.005572
0.002859
0.002836
0.004389
0.002710
0.005607
0.002686
0.002724
0.004829
0.002633
0.002652
0.004796
0.002610
0.002842
0.004038
0.002652
0.005740
0.002515
0.002735
0.004246
0.002683
0.005503
0.002586
0.003696
0.003453
0.004967
0.002849
0.002585
0.002586
0.002801
-1
0.002653
0.002887
0.004192
0.002643
0.002661
0.004676
0.002855
0.002767
0.002952
0.002816
0.005509
0.002865
0.002725
0.004315
0.002653
0.007664
0.002532
0.002935
0.004863
0.002653
0.002741
0.003440
0.002832
0.005615
0.002752
0.002592
0.004320
0.002651
0.006281
0.002544
0.002676
0.002939
0.002759
0.004847
0.006929
0.007173
0.006765
0.006568
0.006591
0.008849
0.008001
0.007406
0.006600
0.007204
0.006946
0.006577
0.006772
0.006716
0.007381
0.007157
0.007141
0.006613
0.006660
0.006615
0.003069
0.002501
0.005528
-1
0.004003
0.002509
0.003130
0.002731
0.004195
0.002931
0.005358
0.002679
0.002635
0.004677
0.002640
0.002542
0.004921
0.002459
0.003056
-1
0.002584
0.002856
0.005182
0.002569
0.003089
0.004654
0.002592
-1
0.002485
0.002994
-1
0.002734
0.002793
0.004344
0.002688
0.005412
0.002656
-1
0.002549
-1
0.003249
0.002900
0.005473
0.002673
0.002947
0.005052
0.002637
0.002562
0.003625
0.003459
0.003498
0.003227
0.004327
0.002805
0.005631
0.002464
0.002591
0.004505
0.002751
0.005430
0.003059
0.002653
0.005041
0.002854
0.002485
-1
0.002553
0.002716
0.004155
0.002590
0.002923
0.002630
0.007020
0.002723
0.002998
0.005208
0.002600
0.002541
0.004382
0.002815
0.005304
0.002805
0.002791
0.004730
0.002563
0.005234
0.002715
0.002906
0.002658
0.004322
0.002610
0.002800
-1
0.002496
0.002718
0.002794
0.002725
-1
0.002783
0.002601
0.004270
0.002677
0.002586
0.002897
0.002554
0.005082
0.002707
-1
0.003461
0.003728
-1
0.003408
0.002841
0.004803
0.002713
0.002700
0.002727
0.002654
0.002489
0.002568
0.002773
0.005430
0.002609
0.005490
0.002749
0.002533
0.004997
0.002563
