0.009818
0.009396
0.006791
0.006464
0.006550
0.006875
0.007031
0.007613
0.007200
0.008883
0.008740
0.008864
0.009040
0.008168
0.008029
0.007693
0.009945
0.009049
0.008491
0.008343
0.003742
0.002952
0.002291
0.004244
0.002561
0.005436
0.002465
0.004442
0.002248
0.002538
0.005012
0.002819
0.003400
0.006666
0.003618
0.003204
0.010212
0.005754
0.011830
0.002978
0.005634
0.003246
0.003392
0.008434
0.003427
0.002898
0.005429
0.002640
0.006142
0.003110
0.002995
0.003023
0.003207
0.002990
0.005781
0.002859
0.003251
0.003554
0.002761
0.002974
0.002849
0.002882
0.002960
0.005389
0.002593
0.002847
0.005090
0.002734
0.003376
0.003066
0.006511
0.002831
0.003078
0.005634
0.003031
0.004049
0.005250
0.003587
0.002628
0.003464
0.005512
0.003017
0.003105
0.005494
0.003118
0.003059
0.005694
0.002950
0.002717
0.005448
0.002912
0.003363
0.005338
0.003022
0.003102
0.005333
0.003039
0.003592
0.005509
0.003254
0.003457
0.005293
0.002918
0.003359
0.005586
0.002929
0.002947
0.005531
0.003025
0.003110
0.005354
0.002876
0.003040
0.005223
0.002994
0.003647
0.005587
0.002884
0.002854
0.005408
0.002803
0.002561
0.004817
0.002602
0.002785
0.004415
0.002817
0.002878
0.003528
0.003348
0.003090
0.005028
0.003238
0.003125
0.003143
0.003084
0.003089
0.003148
0.003208
0.003286
0.005661
0.003112
0.003010
0.005492
0.003053
0.003244
0.005343
0.003084
0.003144
0.006750
0.003030
0.003193
0.005541
0.002985
0.003033
0.005379
0.003253
0.003042
0.005668
0.003090
0.003162
0.005456
0.003063
0.003173
0.005274
0.003292
0.002963
0.005697
0.003043
0.003070
0.005471
0.003003
0.003124
0.005388
0.003046
0.003529
0.005552
0.003103
0.003165
0.005531
0.003157
0.003182
0.005331
0.003010
0.003101
0.005762
0.003153
0.003377
0.003110
0.005327
0.003022
0.002989
0.005678
0.003059
0.002912
0.005554
0.003320
0.003004
0.003253
0.005082
0.003139
0.003123
0.005605
0.003087
0.002953
0.005388
0.003049
0.003022
0.005518
0.003027
0.003111
0.003303
0.004961
0.002964
0.002836
0.004879
0.003278
0.003221
0.003270
0.003004
0.003008
0.005942
0.006927
0.003087
0.003078
0.003232
0.006498
0.003037
0.003059
0.005674
0.002947
0.003021
0.006628
0.002978
0.003538
0.005280
0.003448
0.003226
0.005635
0.003428
0.003076
0.005524
0.003003
0.005435
0.003029
0.002964
0.003030
0.003189
0.003287
0.010237
0.003536
0.003094
0.003148
0.003454
0.002884
0.002825
0.005405
0.002845
0.003036
0.005326
0.002771
0.002589
0.004624
0.002774
0.002836
0.004548
0.002736
0.002665
0.005054
0.002802
0.002954
0.002923
0.002819
0.002725
0.004943
0.002563
0.002724
0.004429
0.002944
0.002765
0.004986
0.002855
0.002948
0.004915
0.002767
0.002691
0.005198
0.002569
0.002633
0.004311
0.002835
0.002924
0.006508
0.006846
0.006773
0.007102
0.006857
0.006741
0.007339
0.006469
0.008678
0.009624
0.008912
0.009264
0.008966
0.008482
0.007722
0.007764
0.007270
0.006685
0.006961
0.006795
0.002946
0.002719
0.005481
0.002842
0.002606
0.004750
0.002797
0.002606
0.004317
0.002656
0.002769
0.003648
0.002814
0.003030
0.005227
0.002771
0.002869
0.004500
0.002818
0.002813
0.004901
0.002854
0.002759
0.005300
0.002948
0.002997
0.002808
0.002751
0.002945
0.004931
0.002783
0.002797
0.004924
0.002914
0.002697
0.004568
0.002887
0.002989
0.002934
0.002751
0.002793
0.004713
0.002869
0.003083
0.003031
0.003227
0.002861
0.006422
0.003215
0.003301
0.003337
0.003184
0.003115
0.005743
0.003158
0.003126
0.003335
0.003114
0.003053
0.003136
0.003030
0.004605
0.003082
0.002722
0.004658
0.003094
0.002697
0.004392
0.002958
0.002777
0.004822
0.002922
0.002801
0.005561
0.002860
0.002543
0.004887
0.005756
0.005265
0.002673
0.002866
0.004977
0.003106
0.002702
0.005372
0.002896
0.002570
0.005212
0.002932
0.002636
0.005484
0.002976
0.003173
0.005333
0.003200
0.002843
0.003503
0.005118
0.002927
0.002792
0.004865
0.002658
0.002713
0.004366
0.002814
0.002959
0.005182
0.002770
0.002960
0.005017
0.002740
0.002858
0.005291
0.002861
0.002827
0.005161
0.003004
0.002875
0.005363
0.002909
0.003032
0.002749
0.002831
0.002660
0.002748
0.002831
0.002970
0.005014
0.002912
0.002636
0.002597
0.002871
0.003103
0.002838
0.005305
0.002787
0.005950
0.002500
0.002725
0.004171
0.003506
0.002954
0.006133
0.003315
0.003101
0.003021
0.003062
0.003117
0.003000
0.004690
0.002857
0.006079
0.002957
0.003285
0.005784
0.003073
0.003202
0.003158
0.002860
0.002605
0.002914
0.002911
0.003151
0.007879
0.023857
0.005845
0.003039
0.002723
0.002794
0.002630
0.003026
0.002755
0.005007
0.002822
0.002983
0.005472
0.002946
0.002894
0.005510
0.003460
0.003351
0.006607
0.003311
0.003342
0.003271
0.003614
0.007046
0.003066
0.002985
0.005551
0.002939
0.003056
0.005452
0.003266
0.003381
0.003051
0.004038
0.003166
0.003340
0.002964
0.003264
0.003029
0.005241
0.003242
0.003038
0.002917
0.003185
0.002970
0.003016
0.005048
0.003084
0.004029
0.005613
0.003054
0.006650
0.003317
0.003014
0.003214
0.003192
0.002851
0.003081
0.005653
0.003494
0.002962
0.005339
0.003483
0.003233
0.002962
0.003108
0.003300
0.003052
0.004953
0.003099
0.003410
0.005191
0.003095
0.003033
0.005688
0.003249
0.003052
0.005460
0.003181
0.002897
0.005247
0.002847
0.002931
0.005684
0.002746
0.002921
0.005103
0.003093
0.003118
0.005322
0.003300
0.002875
0.005572
0.003143
0.002963
0.003011
0.002914
0.002715
0.003217
0.003151
0.003081
0.004515
0.002835
0.003161
0.003225
0.005614
0.007827
0.007398
0.007176
0.006885
0.006980
0.007534
0.007544
0.007079
0.006625
0.008949
0.008254
0.008946
0.009414
0.008630
0.009215
0.008441
0.008867
0.009859
0.008837
0.008558
0.004646
0.003167
0.002640
0.003106
0.003012
0.003038
0.003073
0.002724
0.002620
0.002579
0.004554
0.003101
0.002949
0.005109
0.002840
0.005943
0.003031
0.002744
0.002854
0.002738
0.002882
0.005943
0.002683
0.002866
0.005006
0.002824
0.002828
0.003135
0.003022
0.002724
0.005132
0.002642
0.002753
0.005169
0.002811
0.002903
0.005325
0.003075
0.002964
0.004333
0.002905
0.002738
0.005142
0.002892
0.003098
0.002980
0.005140
0.003884
0.003185
0.006478
0.002705
0.002683
0.005320
0.002727
0.002648
0.005038
0.002578
0.003158
0.005107
0.003221
0.005389
0.003007
0.003118
0.005260
0.003044
0.002977
0.005566
0.003062
0.003125
0.003047
0.005011
0.003242
0.003112
0.005671
0.003013
0.002887
0.005383
0.003757
0.003955
0.003647
0.006112
0.003138
0.003134
0.002692
0.003098
0.003022
0.005493
0.003366
0.002848
0.002690
0.003221
0.003169
0.002746
0.004468
0.003278
0.002925
0.005085
0.002912
0.003175
0.005360
0.003371
0.002988
0.005280
0.003058
0.002887
0.003781
0.005431
0.003067
0.003313
0.005297
0.002870
0.005340
0.003026
0.002820
0.005664
0.002883
0.003246
0.004518
0.003134
0.006802
0.003021
0.002897
0.002606
0.004939
0.003056
0.002781
0.005829
0.002644
0.002769
0.002801
0.004291
0.002803
0.002692
0.003933
0.002428
0.006714
0.003300
0.003033
0.003164
0.004631
0.003349
0.003597
0.004992
0.002549
0.002627
0.004776
0.002681
0.002810
0.004894
0.002958
0.002762
0.005311
0.003217
0.002697
0.005586
0.002886
0.002799
0.005504
0.002809
0.002670
0.002820
0.002776
0.002828
0.002910
0.003125
0.002820
0.002772
0.006371
0.003018
0.002746
0.005566
0.002663
0.004018
0.003541
0.004722
0.003373
0.003213
0.003094
0.002927
0.002724
0.002871
0.005491
0.002755
0.003151
0.005120
0.003158
0.003052
0.003297
0.005304
0.002881
0.003361
0.005542
0.002917
0.002986
0.005444
0.003265
0.003582
0.002757
0.005571
0.002992
0.003099
0.005475
0.003104
0.002931
0.005180
0.003073
0.003067
0.005604
0.003014
0.002976
0.003006
0.004841
0.003091
0.002809
0.005865
0.002762
0.002586
0.005483
0.002670
0.002974
0.002747
0.002739
0.002644
0.005033
0.002903
0.002911
0.005587
0.002617
0.002646
0.005308
0.002745
0.002823
0.005682
0.002706
0.002797
0.002942
0.004970
0.002890
0.002882
0.002748
0.002674
0.002675
0.004926
0.002779
0.002834
0.005686
0.002814
0.003083
0.005337
0.002823
0.002901
0.002734
0.002743
0.002806
0.004886
0.003071
0.002779
0.002524
0.004469
0.002938
0.006425
0.003109
0.003020
0.004135
0.002996
0.003053
0.003009
0.002909
0.002567
0.002778
0.003287
0.002616
0.002746
0.009166
0.006583
0.008897
0.009627
0.008993
0.008901
0.010047
0.008694
0.007044
0.007054
0.007425
0.008641
0.007054
0.007001
0.007151
0.008464
0.007927
0.007631
0.007437
0.007289
0.003018
0.005832
0.004121
0.002928
0.006428
0.002754
0.003245
0.002867
0.004924
0.002910
0.003307
0.005646
0.003181
0.002919
0.005390
0.003584
0.002946
0.006501
0.003262
0.003063
0.003369
0.004588
0.002875
0.002701
0.005005
0.002624
0.002915
0.004985
0.002898
0.002771
0.005544
0.002825
0.003034
0.005285
0.002644
0.002805
0.002757
0.002919
0.002827
0.002774
0.002941
0.002903
0.006924
0.002894
0.003007
0.005064
0.002998
0.003203
0.004075
0.005141
0.003827
0.002749
0.005270
0.004728
0.003276
0.003323
0.005450
0.002955
0.003071
0.005370
0.003045
0.003138
0.005777
0.002915
0.003039
0.005436
0.002981
0.003472
0.005224
0.003077
0.002917
0.005619
0.003186
0.003152
0.005510
0.003275
0.003128
0.006961
0.002990
0.003467
0.002799
0.004488
0.002712
0.002789
0.004515
0.002787
0.002741
0.004709
0.002663
0.002769
0.005463
0.003026
0.002900
0.005257
0.002647
0.002672
0.005185
0.002832
0.002882
0.005631
0.002776
0.002641
0.002720
0.003800
0.002872
0.003166
